Test case: kplib-master/03InverseStronglyCorrelated/n00050/R01000/s054.kp
Run time: 0.010997295379638672 seconds
Total value = 13485
Total weight = 15085
Packed items: [0, 2, 4, 10, 11, 13, 14, 15, 18, 21, 25, 31, 32, 35, 39, 48]
Packed_weights: [1014, 657, 1059, 979, 824, 1090, 649, 698, 1031, 1100, 998, 993, 834, 1081, 1083, 995]

Test case: kplib-master/03InverseStronglyCorrelated/n00100/R10000/s011.kp
Run time: 0.0009975433349609375 seconds
Total value = 253403
Total weight = 283403
Packed items: [2, 9, 13, 14, 16, 17, 29, 31, 33, 36, 37, 38, 39, 44, 46, 48, 49, 52, 54, 58, 62, 63, 68, 73, 75, 80, 81, 83, 86, 89]
Packed_weights: [10243, 8930, 9097, 7935, 10822, 10648, 9425, 7403, 7625, 10977, 10957, 9403, 8079, 8663, 9466, 10581, 9474, 10103, 10804, 8786, 10641, 8581, 8971, 8319, 7438, 10710, 9035, 9849, 9544, 10894]

Test case: kplib-master/03InverseStronglyCorrelated/n00200/R01000/s025.kp
Run time: 180.02272510528564 seconds
Total value = 51376
Total weight = 57576
Packed items: [1, 2, 4, 7, 13, 14, 16, 18, 23, 35, 38, 47, 51, 61, 62, 63, 66, 76, 79, 81, 83, 84, 89, 92, 97, 99, 103, 104, 110, 113, 114, 117, 120, 122, 123, 127, 130, 136, 137, 146, 147, 154, 156, 157, 158, 159, 161, 162, 163, 165, 166, 168, 169, 171, 172, 173, 175, 178, 184, 191, 193, 199]
Packed_weights: [1027, 944, 972, 1053, 787, 933, 895, 925, 1074, 976, 918, 917, 915, 785, 983, 856, 1051, 782, 1087, 856, 906, 809, 847, 912, 966, 1040, 1067, 801, 795, 962, 993, 1013, 899, 819, 791, 907, 958, 844, 1082, 1014, 878, 622, 979, 771, 810, 996, 1003, 1077, 1009, 951, 1085, 966, 916, 808, 860, 850, 1070, 1048, 1015, 1037, 638, 1026]

Test case: kplib-master/03InverseStronglyCorrelated/n00500/R10000/s019.kp
Run time: 180.0075581073761 seconds
Total value = 1314892
Total weight = 1471892
Packed items: [0, 1, 5, 21, 22, 25, 26, 30, 31, 32, 33, 36, 37, 42, 50, 51, 52, 57, 62, 65, 68, 69, 83, 84, 91, 92, 95, 99, 104, 109, 110, 111, 113, 119, 122, 124, 131, 132, 134, 145, 147, 149, 151, 153, 156, 159, 160, 171, 172, 175, 180, 187, 194, 202, 205, 206, 207, 208, 209, 212, 214, 221, 222, 223, 227, 230, 231, 235, 236, 238, 241, 250, 251, 260, 261, 267, 269, 273, 276, 285, 286, 287, 288, 291, 292, 301, 302, 304, 305, 310, 311, 312, 314, 317, 325, 334, 340, 341, 342, 343, 344, 349, 360, 362, 364, 367, 368, 373, 376, 378, 385, 388, 389, 390, 392, 393, 396, 397, 400, 402, 403, 405, 408, 413, 414, 416, 417, 423, 429, 430, 432, 438, 441, 442, 444, 446, 448, 449, 451, 452, 454, 457, 458, 460, 462, 463, 466, 467, 471, 475, 479, 481, 483, 484, 489, 494, 499]
Packed_weights: [7772, 8850, 10969, 8335, 9031, 8280, 8557, 10149, 9339, 8920, 10540, 8314, 9015, 8054, 9963, 9661, 9906, 8053, 8354, 7774, 7875, 8521, 9788, 7840, 10502, 10290, 10585, 8746, 8518, 9845, 8251, 10555, 7813, 9497, 10301, 9686, 9418, 10710, 7677, 10773, 10729, 7640, 8099, 9739, 7827, 8307, 9358, 8853, 7769, 10254, 8952, 10456, 8881, 8567, 7741, 10615, 8386, 9414, 10392, 8413, 10669, 10946, 10330, 10868, 10309, 7673, 10478, 9196, 7884, 10841, 10663, 10833, 8835, 10929, 8879, 8161, 10364, 10052, 10869, 10655, 7890, 9448, 9417, 10636, 9965, 9864, 7716, 8781, 10096, 9503, 10549, 10315, 8019, 9937, 10212, 10299, 10815, 10264, 10438, 7696, 8959, 8673, 8868, 8579, 8917, 10073, 10589, 10481, 10036, 10378, 9471, 9244, 10497, 9239, 9240, 7736, 8936, 9077, 7636, 8639, 8899, 10556, 10717, 9277, 10728, 7781, 9555, 8087, 9017, 8892, 8931, 9460, 9564, 7859, 9626, 9607, 8850, 10478, 8603, 10739, 8567, 9239, 8699, 8929, 9513, 10300, 8610, 9673, 8621, 9231, 9977, 10398, 10158, 10768, 8132, 10919, 8951]

Test case: kplib-master/03InverseStronglyCorrelated/n01000/R10000/s012.kp
Run time: 180.02471733093262 seconds
Total value = 2671635
Total weight = 2988635
Packed items: [7, 8, 15, 17, 19, 22, 25, 28, 29, 36, 39, 46, 47, 48, 52, 58, 61, 67, 71, 81, 83, 85, 88, 89, 92, 98, 99, 103, 104, 111, 112, 115, 117, 119, 120, 124, 125, 127, 131, 134, 135, 136, 139, 140, 144, 147, 148, 149, 150, 151, 153, 158, 159, 164, 169, 173, 174, 176, 186, 193, 195, 199, 202, 203, 206, 210, 214, 224, 226, 229, 230, 234, 236, 244, 248, 251, 252, 253, 255, 258, 259, 261, 267, 272, 275, 280, 288, 290, 292, 293, 294, 299, 300, 309, 311, 312, 313, 314, 317, 320, 327, 328, 329, 330, 333, 339, 340, 341, 344, 345, 356, 357, 361, 370, 380, 391, 392, 397, 404, 406, 410, 411, 414, 418, 422, 423, 425, 426, 428, 439, 443, 446, 447, 448, 452, 453, 455, 458, 462, 463, 471, 474, 475, 478, 480, 482, 485, 488, 489, 491, 493, 500, 504, 507, 508, 509, 515, 516, 517, 518, 520, 533, 534, 536, 538, 541, 543, 546, 550, 552, 553, 555, 558, 559, 567, 568, 572, 573, 574, 575, 587, 588, 593, 594, 604, 606, 609, 611, 614, 616, 621, 626, 627, 631, 635, 638, 640, 645, 646, 651, 652, 655, 659, 661, 666, 667, 669, 671, 672, 673, 676, 677, 679, 685, 687, 688, 690, 692, 694, 697, 698, 699, 702, 704, 708, 714, 725, 726, 727, 728, 729, 732, 733, 734, 736, 740, 744, 758, 759, 760, 761, 766, 768, 770, 772, 773, 774, 778, 784, 785, 787, 791, 798, 805, 807, 810, 811, 813, 815, 816, 818, 824, 827, 828, 833, 835, 841, 845, 851, 854, 858, 859, 860, 866, 870, 878, 884, 886, 887, 893, 894, 898, 900, 904, 907, 910, 911, 915, 917, 918, 920, 925, 928, 929, 931, 933, 934, 935, 938, 941, 948, 949, 952, 954, 957, 961, 962, 964, 969, 974, 976, 978, 979, 981, 982, 984, 990]
Packed_weights: [9104, 7906, 10060, 9189, 7870, 9425, 10151, 10872, 10468, 7969, 9157, 8264, 10675, 10764, 7902, 9102, 9226, 8720, 7959, 10588, 10559, 10243, 8486, 10121, 8707, 10839, 10985, 8875, 9320, 10467, 9944, 9732, 10440, 7960, 8047, 7833, 7942, 9865, 10795, 10200, 10620, 8605, 10010, 8893, 8359, 8102, 10039, 8978, 9975, 10106, 8892, 10341, 7892, 8007, 7853, 7958, 8597, 10348, 10438, 10189, 7981, 9429, 9549, 9317, 8613, 10725, 8323, 9037, 10362, 9731, 9973, 9427, 8844, 9072, 10711, 9354, 9736, 9212, 8347, 9653, 9331, 9799, 8159, 9622, 7850, 9008, 8151, 10249, 9556, 7904, 10564, 8539, 9391, 7853, 10657, 10606, 8468, 10497, 10262, 8569, 10528, 10868, 8653, 10335, 10236, 8310, 9259, 8573, 9624, 10896, 10524, 8450, 8371, 10976, 10380, 9098, 10896, 9412, 10591, 10371, 8152, 8515, 8265, 8144, 9904, 8899, 10673, 10025, 9367, 9320, 10330, 9604, 10097, 10318, 10107, 8654, 8914, 10066, 9378, 9393, 10203, 9424, 9964, 9471, 10004, 8962, 10905, 8997, 8468, 8771, 9692, 10757, 10662, 9267, 9602, 10780, 8012, 8516, 9240, 8510, 8556, 10873, 10048, 9720, 10371, 10319, 8065, 10597, 9193, 10985, 8793, 10115, 10595, 9812, 9963, 10323, 8762, 8063, 10849, 9457, 10879, 7842, 10629, 10137, 8305, 9897, 10384, 7935, 10778, 10092, 9597, 10478, 9784, 9316, 9625, 10073, 8343, 10215, 9400, 8940, 10160, 10602, 9892, 8212, 8425, 9787, 10849, 10496, 10140, 10986, 7962, 9855, 8683, 10328, 9632, 10163, 7963, 7920, 9885, 7876, 8447, 9264, 8277, 9736, 8137, 10891, 10280, 8183, 10831, 9139, 8385, 10842, 7846, 8230, 8918, 10677, 8505, 8343, 8679, 8054, 10515, 9598, 10831, 10848, 9936, 10638, 8782, 9532, 10403, 8729, 8201, 8270, 9817, 7827, 10852, 10246, 10840, 10277, 10489, 8888, 8154, 7952, 8050, 9666, 9955, 10008, 8984, 10483, 7861, 10241, 8779, 9571, 8638, 8559, 9313, 10455, 9146, 10707, 9556, 10613, 9903, 7886, 8541, 9480, 9154, 9004, 10774, 9469, 10105, 8937, 8633, 9324, 8173, 10865, 7915, 8912, 8461, 8685, 9519, 10592, 9961, 8161, 9521, 9945, 9658, 9822, 9228, 8418, 8505, 8836, 8439, 9080, 8390, 9192, 9169, 8188, 9945]

Test case: kplib-master/03InverseStronglyCorrelated/n02000/R10000/s061.kp
Run time: 180.01271033287048 seconds
Total value = 5247561
Total weight = 5869561
Packed items: [2, 5, 12, 13, 18, 21, 23, 25, 28, 36, 37, 52, 56, 60, 62, 63, 64, 67, 68, 69, 72, 75, 84, 85, 97, 99, 100, 107, 115, 116, 117, 119, 123, 126, 129, 130, 132, 136, 139, 147, 151, 155, 157, 169, 170, 174, 180, 188, 190, 191, 193, 195, 198, 202, 206, 207, 209, 210, 213, 214, 218, 219, 224, 226, 234, 239, 243, 247, 248, 251, 252, 253, 255, 260, 266, 272, 274, 275, 276, 284, 285, 290, 291, 292, 301, 304, 308, 309, 310, 314, 317, 319, 320, 321, 323, 325, 329, 333, 335, 336, 343, 348, 357, 362, 365, 370, 371, 373, 375, 376, 382, 383, 387, 391, 393, 397, 400, 404, 414, 418, 420, 425, 426, 430, 438, 440, 443, 445, 448, 450, 451, 452, 458, 465, 467, 470, 471, 472, 475, 480, 482, 484, 486, 491, 498, 499, 501, 505, 506, 507, 508, 510, 511, 513, 514, 518, 521, 525, 530, 531, 534, 537, 541, 542, 543, 547, 555, 558, 559, 562, 563, 565, 567, 568, 571, 574, 578, 584, 586, 587, 591, 592, 596, 602, 604, 607, 618, 620, 621, 624, 625, 629, 631, 633, 639, 640, 647, 650, 651, 664, 668, 672, 674, 675, 678, 682, 683, 685, 687, 690, 693, 694, 696, 697, 701, 713, 715, 718, 721, 724, 725, 728, 731, 733, 735, 737, 740, 741, 744, 745, 746, 748, 752, 756, 757, 760, 761, 762, 763, 773, 775, 776, 777, 779, 780, 783, 787, 789, 793, 801, 803, 805, 810, 811, 814, 824, 831, 834, 837, 838, 842, 850, 853, 854, 858, 860, 861, 863, 864, 868, 870, 871, 876, 882, 883, 884, 885, 890, 900, 909, 911, 912, 914, 916, 917, 921, 927, 928, 938, 942, 944, 952, 953, 955, 957, 961, 964, 968, 974, 979, 982, 983, 988, 989, 992, 994, 995, 996, 998, 1001, 1004, 1006, 1009, 1011, 1015, 1016, 1017, 1020, 1021, 1022, 1023, 1031, 1032, 1036, 1037, 1043, 1045, 1049, 1051, 1052, 1056, 1057, 1070, 1071, 1072, 1073, 1078, 1080, 1083, 1085, 1087, 1092, 1094, 1096, 1098, 1099, 1111, 1113, 1114, 1117, 1119, 1121, 1122, 1124, 1125, 1126, 1132, 1134, 1135, 1138, 1139, 1140, 1143, 1148, 1149, 1150, 1152, 1155, 1157, 1160, 1164, 1167, 1169, 1170, 1175, 1178, 1182, 1187, 1188, 1190, 1197, 1199, 1201, 1208, 1209, 1211, 1212, 1216, 1223, 1228, 1232, 1236, 1239, 1241, 1242, 1243, 1250, 1256, 1258, 1261, 1266, 1271, 1276, 1279, 1280, 1286, 1287, 1288, 1289, 1290, 1291, 1293, 1300, 1305, 1307, 1310, 1311, 1318, 1324, 1328, 1329, 1332, 1334, 1335, 1336, 1339, 1344, 1345, 1348, 1351, 1352, 1359, 1360, 1362, 1364, 1366, 1376, 1385, 1389, 1396, 1407, 1410, 1417, 1421, 1423, 1425, 1426, 1430, 1432, 1434, 1435, 1437, 1440, 1454, 1462, 1463, 1466, 1467, 1469, 1489, 1490, 1491, 1493, 1495, 1496, 1499, 1501, 1503, 1505, 1511, 1513, 1516, 1517, 1519, 1525, 1526, 1531, 1537, 1538, 1541, 1547, 1551, 1552, 1554, 1556, 1557, 1558, 1561, 1566, 1571, 1574, 1575, 1576, 1581, 1582, 1583, 1584, 1588, 1593, 1594, 1597, 1599, 1600, 1602, 1616, 1618, 1620, 1624, 1628, 1629, 1630, 1631, 1633, 1638, 1639, 1645, 1646, 1647, 1651, 1653, 1654, 1657, 1664, 1667, 1671, 1674, 1679, 1682, 1683, 1684, 1686, 1693, 1700, 1711, 1720, 1721, 1724, 1729, 1732, 1733, 1734, 1744, 1746, 1749, 1750, 1751, 1753, 1755, 1762, 1766, 1767, 1769, 1771, 1785, 1787, 1789, 1790, 1792, 1793, 1794, 1796, 1807, 1808, 1811, 1814, 1815, 1824, 1825, 1827, 1829, 1838, 1845, 1846, 1848, 1849, 1855, 1863, 1864, 1865, 1866, 1867, 1871, 1872, 1876, 1879, 1880, 1892, 1894, 1907, 1915, 1916, 1917, 1919, 1920, 1921, 1922, 1926, 1928, 1933, 1936, 1937, 1940, 1941, 1945, 1950, 1953, 1956, 1961, 1962, 1965, 1969, 1970, 1973, 1979, 1980, 1981, 1982, 1988, 1990, 1991, 1992, 1994]
Packed_weights: [9098, 7932, 9938, 7889, 8288, 10808, 10788, 8612, 8129, 9502, 10985, 7862, 10568, 10128, 8637, 10382, 9520, 9716, 8104, 9069, 8383, 9413, 9969, 10560, 10305, 8825, 8254, 10306, 9228, 8791, 9735, 10380, 9320, 10782, 7950, 10260, 10436, 8809, 8675, 9205, 8680, 8684, 9326, 8848, 8757, 9193, 10142, 10698, 10398, 10804, 9062, 10336, 10215, 8990, 9146, 10693, 8955, 9982, 10981, 10523, 9304, 10466, 7944, 9399, 9129, 10879, 9940, 8394, 10328, 9281, 7992, 9920, 9371, 9971, 9463, 9654, 9527, 9822, 9135, 8665, 8725, 8260, 8144, 8073, 10611, 10511, 10568, 10111, 9370, 10230, 10067, 8299, 10427, 8732, 9186, 10973, 10972, 10590, 10277, 10967, 9005, 8771, 9325, 10777, 10286, 10684, 9178, 8015, 10175, 10327, 9059, 10069, 10060, 10231, 10949, 10737, 7922, 9935, 8330, 8233, 10414, 10870, 10172, 9818, 10536, 10639, 9548, 9537, 9340, 9559, 8260, 9340, 9937, 10473, 9048, 8210, 7928, 9138, 9101, 8372, 9276, 10946, 9600, 9926, 10788, 10077, 10325, 9975, 10037, 10847, 9102, 8697, 8560, 9185, 8373, 8892, 8423, 10064, 9961, 9012, 9433, 9447, 8181, 8490, 9038, 10703, 8123, 8090, 9193, 10005, 9620, 7908, 8666, 10387, 10495, 9272, 10845, 8049, 8541, 9575, 8043, 9774, 9007, 9773, 9707, 9996, 8513, 10053, 8484, 8262, 9672, 8397, 9167, 9495, 9406, 10682, 8429, 9375, 8069, 9381, 9346, 7936, 9834, 7958, 9208, 7991, 9624, 7941, 9560, 9921, 10588, 10584, 10230, 10136, 10113, 8244, 8880, 10514, 8359, 10751, 9840, 8761, 10056, 9032, 7907, 8021, 10499, 9467, 10822, 9467, 9905, 8713, 9855, 10831, 8460, 9306, 10363, 9178, 8350, 10222, 8344, 9652, 9947, 10709, 10900, 8558, 9651, 10990, 10991, 9272, 10599, 8370, 8427, 8861, 10286, 8510, 8046, 9963, 8216, 10831, 8954, 10179, 10713, 9106, 8561, 8800, 8717, 9323, 7847, 7862, 9014, 9727, 8281, 8202, 10280, 9303, 10076, 10257, 8954, 8521, 8587, 9130, 9624, 8490, 10427, 9527, 10848, 10567, 8953, 9683, 10675, 7986, 10724, 9695, 9011, 10061, 10133, 10437, 7889, 8155, 10354, 9166, 7836, 10001, 8660, 10024, 10115, 9583, 7981, 10344, 8963, 8495, 10223, 9674, 7900, 9503, 8668, 9504, 9368, 8617, 9161, 8600, 9757, 10858, 8055, 9424, 10668, 8475, 8389, 10092, 8410, 10452, 9737, 8248, 8502, 9622, 8866, 9490, 8836, 10491, 8336, 9521, 9379, 9420, 8814, 10860, 7923, 10072, 8995, 8569, 10910, 7831, 9665, 8240, 10222, 8713, 8111, 10589, 10960, 9362, 10028, 10634, 10685, 8087, 10329, 7823, 7886, 9096, 8151, 10790, 8214, 10427, 10770, 8149, 10153, 8994, 9420, 10485, 9840, 10968, 8324, 9672, 9123, 10167, 7946, 8313, 8124, 9166, 9328, 8809, 8393, 9627, 8724, 9158, 9850, 10847, 10308, 8257, 8386, 9555, 10907, 10536, 10709, 8701, 9217, 8705, 8000, 9247, 8813, 8162, 8391, 10885, 8222, 9000, 9493, 9776, 9764, 8404, 10877, 9378, 8699, 7984, 7829, 10696, 10148, 9010, 8194, 9333, 8306, 8735, 9987, 9962, 10012, 10995, 8692, 9829, 8178, 9810, 10215, 8278, 8785, 9234, 9560, 10303, 8533, 10797, 7819, 8770, 10919, 10452, 10705, 9659, 9242, 9391, 9325, 10657, 7846, 10918, 8142, 10831, 10857, 10162, 9190, 9795, 10410, 9774, 9071, 8681, 9181, 8090, 7950, 10236, 9097, 10523, 8999, 10869, 9653, 10324, 8758, 10794, 8037, 10318, 10180, 8817, 10174, 8822, 9172, 8834, 10582, 8260, 8751, 9711, 10103, 7880, 8862, 10080, 9753, 9878, 9074, 9441, 10867, 10511, 10781, 8541, 9408, 9158, 8662, 10557, 8599, 10629, 8907, 8374, 10719, 10871, 9608, 10222, 8194, 8209, 8620, 10705, 9070, 9841, 9586, 10132, 7905, 9285, 9867, 9271, 7944, 10900, 10789, 8773, 10048, 10536, 10259, 8684, 10902, 9663, 10932, 10734, 10441, 10488, 8142, 8322, 10872, 9523, 8502, 10599, 10294, 8210, 7850, 10748, 10180, 9342, 8938, 9262, 9537, 10596, 8676, 9488, 8972, 10128, 9037, 9457, 9544, 10747, 10349, 7940, 10587, 9706, 9120, 10793, 9688, 10612, 9551, 10544, 9075, 8127, 9220, 9473, 8295, 10604, 8215, 9025, 9051, 9710, 8960, 9520, 9718, 9334, 8247, 9824, 9646, 7815, 9646, 8516, 8340, 10105, 8644, 8761, 9990, 8907, 8705, 9835, 8575, 7997, 8763, 8473, 10759, 9993, 10883, 8211, 9674, 9519, 8220, 10250, 8265, 10368, 10369, 9673, 9347, 10220]

Test case: kplib-master/03InverseStronglyCorrelated/n05000/R10000/s061.kp
Run time: 180.00967931747437 seconds
Total value = 13250017
Total weight = 14824017
Packed items: [2, 5, 12, 13, 18, 21, 23, 25, 28, 36, 37, 52, 56, 60, 62, 63, 64, 67, 68, 69, 72, 75, 84, 85, 97, 99, 100, 107, 115, 116, 117, 119, 123, 126, 129, 130, 132, 136, 139, 147, 151, 155, 157, 169, 170, 174, 180, 188, 190, 191, 193, 195, 198, 202, 206, 207, 209, 210, 213, 214, 218, 219, 224, 226, 234, 239, 243, 247, 248, 251, 252, 253, 255, 260, 266, 272, 274, 275, 276, 284, 285, 290, 291, 292, 301, 304, 308, 309, 310, 314, 317, 319, 320, 321, 323, 325, 329, 333, 335, 336, 343, 348, 357, 362, 365, 370, 371, 373, 375, 376, 382, 383, 387, 391, 393, 397, 400, 404, 414, 418, 420, 425, 426, 430, 438, 440, 443, 445, 448, 450, 451, 452, 458, 465, 467, 470, 471, 472, 475, 480, 482, 484, 486, 491, 498, 499, 501, 505, 506, 507, 508, 510, 511, 513, 514, 518, 521, 525, 530, 531, 534, 537, 541, 542, 543, 547, 555, 558, 559, 562, 563, 565, 567, 568, 571, 574, 578, 584, 586, 587, 591, 592, 596, 602, 604, 607, 618, 620, 621, 624, 625, 629, 631, 633, 639, 640, 647, 650, 651, 664, 668, 672, 674, 675, 678, 682, 683, 685, 687, 690, 693, 694, 696, 697, 701, 713, 715, 718, 721, 724, 725, 728, 731, 733, 735, 737, 740, 741, 744, 745, 746, 748, 752, 756, 757, 760, 761, 762, 763, 773, 775, 776, 777, 779, 780, 783, 787, 789, 793, 801, 803, 805, 810, 811, 814, 824, 831, 834, 837, 838, 842, 850, 853, 854, 858, 860, 861, 863, 864, 868, 870, 871, 876, 882, 883, 884, 885, 890, 900, 909, 911, 912, 914, 916, 917, 921, 927, 928, 938, 942, 944, 952, 953, 955, 957, 961, 964, 968, 974, 979, 982, 983, 988, 989, 992, 994, 995, 996, 998, 1001, 1004, 1006, 1009, 1011, 1015, 1016, 1017, 1020, 1021, 1022, 1023, 1031, 1032, 1036, 1037, 1043, 1045, 1049, 1051, 1052, 1056, 1057, 1070, 1071, 1072, 1073, 1078, 1080, 1083, 1085, 1087, 1092, 1094, 1096, 1098, 1099, 1111, 1113, 1114, 1117, 1119, 1121, 1122, 1124, 1125, 1126, 1132, 1134, 1135, 1138, 1139, 1140, 1143, 1148, 1149, 1150, 1152, 1155, 1157, 1160, 1164, 1167, 1169, 1170, 1175, 1178, 1182, 1187, 1188, 1190, 1197, 1199, 1201, 1208, 1209, 1211, 1212, 1216, 1223, 1228, 1232, 1236, 1239, 1241, 1242, 1243, 1250, 1256, 1258, 1261, 1266, 1271, 1276, 1279, 1280, 1286, 1287, 1288, 1289, 1290, 1291, 1293, 1300, 1305, 1307, 1310, 1311, 1318, 1324, 1328, 1329, 1332, 1334, 1335, 1336, 1339, 1344, 1345, 1348, 1351, 1352, 1359, 1360, 1362, 1364, 1366, 1376, 1385, 1389, 1396, 1407, 1410, 1417, 1421, 1423, 1425, 1430, 1432, 1434, 1435, 1437, 1440, 1454, 1462, 1463, 1466, 1467, 1469, 1489, 1490, 1491, 1493, 1495, 1496, 1499, 1501, 1503, 1505, 1511, 1513, 1516, 1517, 1519, 1525, 1526, 1531, 1537, 1538, 1541, 1547, 1551, 1552, 1554, 1556, 1557, 1558, 1561, 1566, 1571, 1574, 1575, 1576, 1581, 1582, 1583, 1584, 1588, 1593, 1594, 1597, 1599, 1600, 1602, 1616, 1618, 1620, 1624, 1628, 1629, 1630, 1631, 1633, 1638, 1639, 1645, 1646, 1647, 1651, 1653, 1654, 1657, 1664, 1667, 1671, 1674, 1679, 1682, 1683, 1684, 1686, 1693, 1700, 1711, 1720, 1721, 1724, 1729, 1732, 1733, 1734, 1744, 1746, 1749, 1750, 1751, 1753, 1755, 1762, 1766, 1767, 1769, 1771, 1785, 1787, 1789, 1790, 1792, 1793, 1794, 1796, 1807, 1808, 1811, 1814, 1815, 1824, 1825, 1827, 1829, 1838, 1845, 1846, 1848, 1849, 1855, 1863, 1864, 1865, 1866, 1867, 1871, 1872, 1876, 1879, 1880, 1892, 1894, 1907, 1915, 1916, 1917, 1919, 1921, 1922, 1926, 1928, 1933, 1936, 1937, 1940, 1941, 1945, 1950, 1953, 1956, 1961, 1962, 1965, 1969, 1970, 1973, 1979, 1980, 1981, 1982, 1988, 1990, 1991, 1992, 1994, 2001, 2003, 2006, 2014, 2015, 2016, 2019, 2025, 2028, 2030, 2033, 2038, 2040, 2046, 2055, 2056, 2057, 2061, 2063, 2070, 2072, 2074, 2075, 2080, 2082, 2083, 2088, 2089, 2091, 2098, 2107, 2109, 2112, 2113, 2114, 2118, 2126, 2128, 2133, 2134, 2137, 2138, 2139, 2143, 2144, 2155, 2162, 2163, 2173, 2174, 2178, 2181, 2182, 2184, 2191, 2192, 2193, 2204, 2209, 2210, 2211, 2212, 2214, 2218, 2222, 2223, 2225, 2228, 2230, 2237, 2246, 2247, 2248, 2255, 2256, 2257, 2259, 2260, 2261, 2273, 2278, 2283, 2284, 2285, 2287, 2290, 2292, 2295, 2296, 2299, 2301, 2302, 2307, 2318, 2320, 2323, 2329, 2335, 2337, 2339, 2340, 2342, 2345, 2348, 2354, 2356, 2357, 2358, 2361, 2364, 2365, 2370, 2373, 2375, 2381, 2384, 2385, 2387, 2392, 2395, 2396, 2407, 2408, 2409, 2413, 2414, 2417, 2418, 2421, 2424, 2427, 2437, 2439, 2440, 2442, 2443, 2447, 2449, 2451, 2456, 2463, 2464, 2465, 2470, 2476, 2480, 2481, 2487, 2490, 2491, 2492, 2497, 2500, 2504, 2506, 2511, 2513, 2516, 2521, 2525, 2528, 2533, 2538, 2539, 2540, 2541, 2544, 2546, 2548, 2550, 2551, 2552, 2559, 2561, 2565, 2566, 2569, 2575, 2576, 2577, 2582, 2586, 2587, 2590, 2592, 2594, 2600, 2603, 2606, 2611, 2617, 2619, 2622, 2625, 2629, 2630, 2635, 2637, 2638, 2641, 2644, 2646, 2647, 2650, 2653, 2656, 2659, 2660, 2662, 2668, 2674, 2675, 2676, 2679, 2683, 2685, 2687, 2691, 2692, 2701, 2702, 2703, 2711, 2720, 2722, 2723, 2727, 2729, 2731, 2736, 2738, 2741, 2744, 2749, 2751, 2754, 2760, 2762, 2763, 2769, 2777, 2780, 2781, 2782, 2787, 2788, 2789, 2793, 2794, 2797, 2807, 2809, 2810, 2818, 2820, 2822, 2823, 2826, 2833, 2835, 2840, 2843, 2845, 2848, 2852, 2853, 2854, 2857, 2862, 2866, 2868, 2869, 2874, 2878, 2880, 2882, 2884, 2887, 2890, 2891, 2895, 2900, 2901, 2917, 2918, 2919, 2920, 2933, 2935, 2939, 2943, 2950, 2953, 2959, 2962, 2963, 2966, 2967, 2968, 2974, 2976, 2981, 2993, 2995, 2996, 2998, 2999, 3001, 3005, 3009, 3010, 3014, 3015, 3018, 3019, 3020, 3023, 3027, 3028, 3030, 3035, 3036, 3037, 3038, 3043, 3045, 3046, 3049, 3056, 3060, 3064, 3069, 3070, 3071, 3076, 3080, 3082, 3086, 3087, 3094, 3096, 3111, 3112, 3119, 3120, 3121, 3124, 3130, 3131, 3136, 3142, 3143, 3148, 3153, 3158, 3160, 3162, 3163, 3173, 3174, 3175, 3176, 3178, 3179, 3181, 3182, 3185, 3186, 3190, 3195, 3196, 3197, 3202, 3207, 3214, 3217, 3222, 3223, 3224, 3227, 3229, 3240, 3241, 3243, 3249, 3251, 3257, 3260, 3264, 3268, 3269, 3280, 3281, 3282, 3283, 3287, 3288, 3289, 3292, 3293, 3298, 3300, 3302, 3307, 3308, 3311, 3312, 3315, 3317, 3319, 3320, 3322, 3323, 3324, 3325, 3332, 3333, 3339, 3341, 3344, 3347, 3348, 3353, 3354, 3355, 3356, 3365, 3368, 3369, 3370, 3371, 3372, 3379, 3380, 3381, 3384, 3395, 3398, 3410, 3411, 3416, 3420, 3422, 3423, 3427, 3429, 3431, 3433, 3440, 3445, 3461, 3462, 3470, 3472, 3479, 3482, 3485, 3487, 3495, 3496, 3500, 3503, 3507, 3512, 3513, 3517, 3521, 3524, 3525, 3529, 3533, 3538, 3539, 3540, 3549, 3552, 3553, 3555, 3556, 3568, 3569, 3573, 3575, 3578, 3587, 3593, 3594, 3600, 3611, 3614, 3615, 3623, 3624, 3626, 3627, 3635, 3638, 3639, 3640, 3643, 3644, 3653, 3654, 3655, 3657, 3658, 3659, 3662, 3667, 3668, 3669, 3670, 3673, 3675, 3678, 3684, 3686, 3687, 3695, 3698, 3699, 3701, 3703, 3705, 3706, 3709, 3710, 3713, 3715, 3716, 3718, 3724, 3726, 3727, 3729, 3732, 3733, 3734, 3735, 3739, 3742, 3743, 3744, 3751, 3753, 3756, 3759, 3768, 3769, 3772, 3774, 3775, 3776, 3777, 3778, 3781, 3782, 3785, 3793, 3798, 3805, 3808, 3810, 3812, 3814, 3815, 3819, 3824, 3827, 3828, 3829, 3835, 3836, 3838, 3841, 3849, 3850, 3854, 3860, 3861, 3863, 3868, 3870, 3873, 3874, 3875, 3876, 3877, 3879, 3885, 3888, 3892, 3893, 3898, 3901, 3903, 3921, 3925, 3929, 3932, 3934, 3935, 3936, 3941, 3943, 3947, 3949, 3951, 3959, 3961, 3963, 3964, 3968, 3969, 3972, 3973, 3979, 3984, 3985, 3987, 3989, 3991, 3992, 3995, 3997, 4002, 4010, 4011, 4015, 4016, 4022, 4024, 4028, 4035, 4037, 4042, 4056, 4057, 4058, 4060, 4064, 4074, 4075, 4077, 4087, 4088, 4094, 4096, 4098, 4099, 4103, 4105, 4107, 4109, 4111, 4112, 4120, 4121, 4122, 4123, 4124, 4125, 4127, 4130, 4131, 4135, 4136, 4139, 4142, 4147, 4148, 4150, 4154, 4155, 4159, 4161, 4167, 4170, 4171, 4175, 4177, 4180, 4182, 4184, 4190, 4193, 4196, 4197, 4198, 4208, 4209, 4215, 4218, 4219, 4222, 4223, 4226, 4228, 4229, 4234, 4238, 4239, 4243, 4251, 4253, 4259, 4260, 4262, 4264, 4270, 4276, 4277, 4278, 4280, 4292, 4293, 4298, 4300, 4303, 4306, 4309, 4320, 4322, 4328, 4335, 4340, 4341, 4348, 4355, 4356, 4357, 4358, 4361, 4363, 4367, 4370, 4371, 4372, 4375, 4384, 4386, 4389, 4390, 4391, 4396, 4397, 4399, 4402, 4405, 4406, 4407, 4411, 4413, 4417, 4419, 4426, 4427, 4430, 4431, 4433, 4434, 4436, 4440, 4441, 4443, 4444, 4448, 4450, 4453, 4454, 4455, 4462, 4464, 4466, 4468, 4470, 4471, 4473, 4478, 4482, 4484, 4486, 4488, 4490, 4492, 4495, 4496, 4498, 4499, 4502, 4504, 4507, 4511, 4513, 4514, 4518, 4520, 4521, 4523, 4525, 4527, 4528, 4530, 4531, 4534, 4536, 4540, 4541, 4547, 4548, 4551, 4552, 4557, 4559, 4561, 4562, 4567, 4568, 4570, 4574, 4579, 4586, 4587, 4603, 4604, 4606, 4613, 4614, 4615, 4616, 4622, 4624, 4625, 4629, 4630, 4633, 4637, 4638, 4642, 4643, 4647, 4650, 4658, 4662, 4666, 4669, 4670, 4671, 4672, 4673, 4677, 4688, 4693, 4694, 4696, 4698, 4700, 4701, 4703, 4705, 4706, 4711, 4715, 4716, 4717, 4722, 4724, 4725, 4731, 4732, 4737, 4741, 4747, 4748, 4750, 4753, 4755, 4758, 4761, 4762, 4764, 4767, 4769, 4770, 4774, 4775, 4777, 4781, 4792, 4795, 4800, 4801, 4803, 4805, 4808, 4811, 4818, 4823, 4827, 4830, 4835, 4837, 4840, 4841, 4844, 4845, 4849, 4851, 4853, 4854, 4858, 4861, 4868, 4869, 4873, 4874, 4876, 4878, 4881, 4887, 4888, 4889, 4893, 4896, 4897, 4899, 4901, 4903, 4905, 4907, 4911, 4915, 4917, 4918, 4922, 4924, 4926, 4932, 4933, 4943, 4944, 4952, 4954, 4955, 4957, 4963, 4966, 4976, 4977, 4978, 4983, 4989, 4990, 4994]
Packed_weights: [9098, 7932, 9938, 7889, 8288, 10808, 10788, 8612, 8129, 9502, 10985, 7862, 10568, 10128, 8637, 10382, 9520, 9716, 8104, 9069, 8383, 9413, 9969, 10560, 10305, 8825, 8254, 10306, 9228, 8791, 9735, 10380, 9320, 10782, 7950, 10260, 10436, 8809, 8675, 9205, 8680, 8684, 9326, 8848, 8757, 9193, 10142, 10698, 10398, 10804, 9062, 10336, 10215, 8990, 9146, 10693, 8955, 9982, 10981, 10523, 9304, 10466, 7944, 9399, 9129, 10879, 9940, 8394, 10328, 9281, 7992, 9920, 9371, 9971, 9463, 9654, 9527, 9822, 9135, 8665, 8725, 8260, 8144, 8073, 10611, 10511, 10568, 10111, 9370, 10230, 10067, 8299, 10427, 8732, 9186, 10973, 10972, 10590, 10277, 10967, 9005, 8771, 9325, 10777, 10286, 10684, 9178, 8015, 10175, 10327, 9059, 10069, 10060, 10231, 10949, 10737, 7922, 9935, 8330, 8233, 10414, 10870, 10172, 9818, 10536, 10639, 9548, 9537, 9340, 9559, 8260, 9340, 9937, 10473, 9048, 8210, 7928, 9138, 9101, 8372, 9276, 10946, 9600, 9926, 10788, 10077, 10325, 9975, 10037, 10847, 9102, 8697, 8560, 9185, 8373, 8892, 8423, 10064, 9961, 9012, 9433, 9447, 8181, 8490, 9038, 10703, 8123, 8090, 9193, 10005, 9620, 7908, 8666, 10387, 10495, 9272, 10845, 8049, 8541, 9575, 8043, 9774, 9007, 9773, 9707, 9996, 8513, 10053, 8484, 8262, 9672, 8397, 9167, 9495, 9406, 10682, 8429, 9375, 8069, 9381, 9346, 7936, 9834, 7958, 9208, 7991, 9624, 7941, 9560, 9921, 10588, 10584, 10230, 10136, 10113, 8244, 8880, 10514, 8359, 10751, 9840, 8761, 10056, 9032, 7907, 8021, 10499, 9467, 10822, 9467, 9905, 8713, 9855, 10831, 8460, 9306, 10363, 9178, 8350, 10222, 8344, 9652, 9947, 10709, 10900, 8558, 9651, 10990, 10991, 9272, 10599, 8370, 8427, 8861, 10286, 8510, 8046, 9963, 8216, 10831, 8954, 10179, 10713, 9106, 8561, 8800, 8717, 9323, 7847, 7862, 9014, 9727, 8281, 8202, 10280, 9303, 10076, 10257, 8954, 8521, 8587, 9130, 9624, 8490, 10427, 9527, 10848, 10567, 8953, 9683, 10675, 7986, 10724, 9695, 9011, 10061, 10133, 10437, 7889, 8155, 10354, 9166, 7836, 10001, 8660, 10024, 10115, 9583, 7981, 10344, 8963, 8495, 10223, 9674, 7900, 9503, 8668, 9504, 9368, 8617, 9161, 8600, 9757, 10858, 8055, 9424, 10668, 8475, 8389, 10092, 8410, 10452, 9737, 8248, 8502, 9622, 8866, 9490, 8836, 10491, 8336, 9521, 9379, 9420, 8814, 10860, 7923, 10072, 8995, 8569, 10910, 7831, 9665, 8240, 10222, 8713, 8111, 10589, 10960, 9362, 10028, 10634, 10685, 8087, 10329, 7823, 7886, 9096, 8151, 10790, 8214, 10427, 10770, 8149, 10153, 8994, 9420, 10485, 9840, 10968, 8324, 9672, 9123, 10167, 7946, 8313, 8124, 9166, 9328, 8809, 8393, 9627, 8724, 9158, 9850, 10847, 10308, 8257, 8386, 9555, 10907, 10536, 10709, 8701, 9217, 8705, 8000, 9247, 8813, 8162, 8391, 10885, 8222, 9000, 9493, 9776, 9764, 8404, 10877, 9378, 8699, 7984, 7829, 10696, 10148, 9010, 8194, 9333, 8306, 8735, 9987, 9962, 10012, 10995, 8692, 9829, 8178, 9810, 10215, 8278, 8785, 9234, 9560, 10303, 8533, 10797, 8770, 10919, 10452, 10705, 9659, 9242, 9391, 9325, 10657, 7846, 10918, 8142, 10831, 10857, 10162, 9190, 9795, 10410, 9774, 9071, 8681, 9181, 8090, 7950, 10236, 9097, 10523, 8999, 10869, 9653, 10324, 8758, 10794, 8037, 10318, 10180, 8817, 10174, 8822, 9172, 8834, 10582, 8260, 8751, 9711, 10103, 7880, 8862, 10080, 9753, 9878, 9074, 9441, 10867, 10511, 10781, 8541, 9408, 9158, 8662, 10557, 8599, 10629, 8907, 8374, 10719, 10871, 9608, 10222, 8194, 8209, 8620, 10705, 9070, 9841, 9586, 10132, 7905, 9285, 9867, 9271, 7944, 10900, 10789, 8773, 10048, 10536, 10259, 8684, 10902, 9663, 10932, 10734, 10441, 10488, 8142, 8322, 10872, 9523, 8502, 10599, 10294, 8210, 7850, 10748, 10180, 9342, 8938, 9262, 9537, 10596, 8676, 9488, 8972, 10128, 9037, 9457, 9544, 10747, 10349, 7940, 10587, 9706, 9120, 10793, 9688, 10612, 9551, 10544, 9075, 8127, 9220, 9473, 8295, 10604, 8215, 9025, 9051, 9710, 8960, 9520, 9718, 9334, 8247, 9824, 9646, 9646, 8516, 8340, 10105, 8644, 8761, 9990, 8907, 8705, 9835, 8575, 7997, 8763, 8473, 10759, 9993, 10883, 8211, 9674, 9519, 8220, 10250, 8265, 10368, 10369, 9673, 9347, 10220, 8011, 10452, 9812, 9376, 8237, 10201, 8071, 9227, 10593, 10367, 10712, 9719, 8350, 10318, 7968, 8653, 9938, 8022, 10642, 9357, 9440, 9308, 9556, 9023, 10119, 10331, 8042, 8797, 10858, 8827, 8733, 9951, 9853, 9546, 8783, 8534, 9000, 9679, 8652, 9864, 10951, 7871, 10736, 8202, 10427, 10531, 8732, 10165, 9329, 9024, 9635, 10479, 10526, 10283, 9335, 8934, 10607, 7949, 9252, 9135, 7907, 10131, 10554, 8752, 9012, 8097, 9489, 8123, 10497, 10162, 10091, 9268, 8371, 10565, 8687, 9211, 9196, 8239, 9870, 8177, 10009, 8250, 8360, 7962, 9703, 10500, 8810, 8208, 8768, 10320, 10949, 8629, 9398, 9160, 8702, 8480, 10259, 7911, 9319, 9852, 8537, 8495, 8561, 9857, 10409, 9001, 10667, 8605, 9408, 8033, 9632, 9696, 10452, 10264, 8043, 9876, 9137, 8760, 8883, 9663, 10885, 8706, 10136, 10514, 8115, 8697, 10575, 9547, 10211, 8041, 8134, 9965, 10874, 8596, 8589, 7909, 8597, 9466, 8513, 9585, 9922, 10462, 9359, 8576, 8996, 8437, 10571, 9687, 10896, 7910, 8838, 9417, 9266, 8000, 10935, 9135, 9586, 7835, 9748, 7859, 10760, 8902, 8793, 9976, 9876, 10474, 8097, 8186, 8363, 9186, 10366, 10189, 10295, 8775, 8429, 10030, 8169, 10233, 9579, 10541, 9597, 9276, 8512, 10677, 8592, 10757, 8617, 9347, 10454, 10630, 7944, 10797, 10876, 10738, 9967, 9668, 10434, 9869, 9640, 10500, 9533, 9936, 10429, 9669, 9282, 9659, 8972, 10022, 9536, 9254, 9801, 10733, 10298, 10264, 9551, 10555, 9430, 8589, 8781, 8498, 8365, 10450, 8009, 9742, 8438, 9189, 7939, 10791, 9556, 9789, 9545, 9818, 8775, 10103, 8607, 8346, 10154, 11000, 9291, 10642, 9376, 8785, 8801, 10147, 8112, 8617, 9572, 9932, 10550, 10405, 8994, 8099, 10885, 8871, 10470, 9388, 9169, 10557, 7940, 9159, 8200, 9974, 9353, 10818, 10998, 8310, 10097, 9678, 9901, 8577, 9521, 8963, 8610, 9403, 8727, 10706, 8081, 8485, 8460, 9327, 9018, 8379, 9541, 8659, 10109, 9650, 10505, 10582, 8314, 9058, 9292, 10580, 9795, 9156, 10711, 9048, 9908, 7957, 9246, 10485, 10091, 9989, 9135, 8552, 8402, 8235, 8026, 8560, 8289, 7932, 8438, 9822, 8728, 9159, 8743, 8146, 9201, 8167, 9393, 9248, 10414, 9471, 9335, 8585, 9180, 10750, 9075, 10335, 8948, 8921, 9725, 8454, 8593, 8670, 9745, 9364, 9969, 9582, 9156, 9400, 9958, 10673, 8766, 10451, 8650, 7986, 8638, 8039, 10394, 9491, 8315, 8691, 8445, 9016, 8097, 10099, 10476, 9592, 8946, 9854, 9277, 10070, 9546, 9474, 9325, 8471, 8066, 9038, 8123, 10459, 8238, 10933, 10369, 9772, 8647, 9506, 10007, 9371, 9932, 8815, 10390, 8766, 8284, 9737, 9925, 9395, 8415, 9341, 9338, 7890, 8634, 7951, 10197, 8516, 10074, 10928, 8297, 9042, 8972, 10437, 9046, 9825, 10722, 9744, 10658, 7976, 9168, 9475, 8045, 8553, 10585, 8377, 8918, 10028, 10633, 9190, 8290, 9090, 9565, 7959, 7965, 8546, 8300, 8837, 10875, 10373, 9566, 8399, 8071, 9479, 9873, 7932, 8769, 10885, 10325, 9991, 8648, 9607, 10854, 9805, 8804, 10424, 10038, 9234, 10757, 7925, 10710, 8254, 8339, 10322, 10991, 9732, 10294, 10137, 9836, 8861, 8229, 8744, 10990, 8707, 10974, 7911, 9618, 10988, 9238, 10065, 9474, 9540, 10634, 10344, 10747, 10579, 8472, 8807, 8518, 10737, 8718, 9274, 9594, 9921, 10767, 8907, 9748, 10396, 10253, 8844, 10524, 10816, 9024, 9762, 10528, 9492, 10817, 7945, 10566, 9049, 10819, 9213, 8851, 10443, 8822, 9651, 8951, 10952, 10645, 8864, 7904, 9397, 10057, 10025, 9003, 7961, 10672, 9989, 9155, 8530, 9330, 10541, 8488, 9141, 8229, 10938, 10980, 9833, 10443, 9466, 10346, 7943, 10096, 8963, 10234, 9192, 10913, 9146, 9817, 9858, 8307, 8376, 8284, 8095, 10157, 10290, 9749, 8903, 9980, 8245, 8564, 7972, 8265, 8995, 9548, 7925, 9038, 8388, 10421, 8160, 7882, 9942, 9498, 8300, 8562, 8104, 7910, 9471, 8308, 9359, 10592, 9929, 10689, 10470, 8854, 8898, 10757, 10961, 10955, 10617, 10532, 8806, 10785, 8685, 8442, 10702, 9865, 9886, 10831, 10142, 10868, 10178, 10969, 10587, 9507, 8205, 8992, 10528, 8238, 10088, 10770, 9072, 10971, 8815, 10558, 9267, 8831, 7837, 10024, 10856, 8781, 10464, 9839, 10471, 8711, 8385, 8979, 9313, 9917, 8502, 8023, 8377, 9212, 9100, 10421, 10554, 8984, 8649, 7992, 9947, 10486, 10946, 7917, 10518, 9258, 8727, 10670, 8599, 8623, 9780, 10387, 10555, 8558, 9034, 8763, 10908, 8306, 8589, 8014, 8299, 9373, 7841, 8488, 10422, 9875, 9661, 10325, 9154, 10523, 7845, 8653, 8531, 8416, 8422, 10915, 9429, 9234, 7880, 9494, 8482, 9269, 9333, 10619, 10958, 9541, 8068, 10937, 8456, 8142, 8399, 9367, 10412, 9399, 10843, 8882, 8378, 9713, 10679, 10596, 7848, 10159, 10592, 9411, 8426, 9273, 8711, 9945, 8600, 9784, 8470, 10320, 10793, 7992, 10924, 10225, 8026, 10568, 8157, 10660, 10760, 8599, 10466, 9394, 10412, 10130, 8578, 9149, 8775, 10094, 10542, 10160, 10290, 9360, 7989, 8620, 9670, 10794, 7893, 8103, 10366, 10978, 8160, 10075, 8402, 8973, 10907, 9287, 8472, 8534, 10317, 10971, 8012, 9393, 8408, 8955, 8828, 8117, 8691, 8239, 8923, 9186, 10035, 8152, 10308, 8570, 8904, 9427, 9913, 9989, 10981, 9516, 10398, 9635, 9307, 10366, 10801, 8994, 9690, 9949, 10033, 10488, 8428, 10213, 8638, 8023, 9613, 10343, 8114, 9281, 10981, 8685, 9004, 10804, 9429, 8362, 9184, 10267, 8257, 7983, 8236, 10544, 10739, 8864, 9442, 8584, 7975, 10200, 10704, 8770, 8432, 10281, 8298, 9086, 7905, 10843, 10749, 8903, 8959, 9492, 9260, 9244, 9693, 10814, 10052, 8433, 8156, 8641, 10612, 9967, 10528, 9168, 9264, 10064, 9211, 10526, 10301, 8355, 9581, 9137, 9563, 9032, 10086, 9828, 9011, 9428, 8485, 8905, 9492, 9636, 8022, 9089, 9817, 10235, 8880, 10549, 8896, 10738, 10680, 9055, 8982, 10703, 8992, 8807, 10334, 10053, 9012, 8227, 8858, 9931, 9066, 10047, 8403, 10683, 9334, 9546, 10033, 9757, 9387, 8513, 8985, 10836, 9779, 10634, 10489, 7888, 8449, 10599, 8245, 9524, 10791, 8660, 9518, 8335, 8229, 9956, 8647, 10138, 8024, 9303, 7822, 9984, 8207, 9748, 9407, 8366, 9795, 10383, 10796, 10443, 7871, 9561, 9174, 10509, 8119, 8700, 9724, 10471, 8045, 7880, 9950, 9123, 10063, 9730, 8640, 10937, 8998, 8050, 7998, 9680, 8780, 8591, 9594, 10824, 10941, 9795, 9626, 9301, 9263, 8906, 9375, 8330, 7931, 8930, 9250, 8893, 8166, 8959, 8451, 9049, 10142, 10938, 10608, 9160, 10364, 9600, 8941, 8011, 10594, 9050, 8732, 10837, 10384, 9326, 9142, 8664, 8297, 10150, 9249]

Test case: kplib-master/03InverseStronglyCorrelated/n10000/R10000/s061.kp
Run time: 180.0224449634552 seconds
Total value = 26483279
Total weight = 29629279
Packed items: [2, 5, 12, 13, 18, 21, 23, 25, 28, 36, 37, 52, 56, 60, 62, 63, 64, 67, 68, 69, 72, 75, 84, 85, 97, 99, 100, 107, 115, 116, 117, 119, 123, 126, 129, 130, 132, 136, 139, 147, 151, 155, 157, 169, 170, 174, 180, 188, 190, 191, 193, 195, 198, 202, 206, 207, 209, 210, 213, 214, 218, 219, 224, 226, 234, 239, 243, 247, 248, 251, 252, 253, 255, 260, 266, 272, 274, 275, 276, 284, 285, 290, 291, 292, 301, 304, 308, 309, 310, 314, 317, 319, 320, 321, 323, 325, 329, 333, 335, 336, 343, 348, 357, 362, 365, 370, 371, 373, 375, 376, 382, 383, 387, 391, 393, 397, 400, 404, 414, 418, 420, 425, 426, 430, 438, 440, 443, 445, 448, 450, 451, 452, 458, 465, 467, 470, 471, 472, 475, 480, 482, 484, 486, 491, 498, 499, 501, 505, 506, 507, 508, 510, 511, 513, 514, 518, 521, 525, 530, 531, 534, 537, 541, 542, 543, 547, 555, 558, 559, 562, 563, 565, 567, 568, 571, 574, 578, 584, 586, 587, 591, 592, 596, 602, 604, 607, 618, 620, 621, 624, 625, 629, 631, 633, 639, 640, 647, 650, 651, 664, 668, 672, 674, 675, 678, 682, 683, 685, 687, 690, 693, 694, 696, 697, 701, 713, 715, 718, 721, 724, 725, 728, 731, 733, 735, 737, 740, 741, 744, 745, 746, 748, 752, 756, 757, 760, 761, 762, 763, 773, 775, 776, 777, 779, 780, 783, 787, 789, 793, 801, 803, 805, 810, 811, 814, 824, 831, 834, 837, 838, 842, 850, 853, 854, 858, 860, 861, 863, 864, 868, 870, 871, 876, 882, 883, 884, 885, 890, 900, 909, 911, 912, 914, 916, 917, 921, 927, 928, 938, 942, 944, 952, 953, 955, 957, 961, 964, 968, 974, 979, 982, 983, 988, 989, 992, 994, 995, 996, 998, 1001, 1004, 1006, 1009, 1011, 1015, 1016, 1017, 1020, 1021, 1022, 1023, 1031, 1032, 1036, 1037, 1043, 1045, 1049, 1051, 1052, 1056, 1057, 1070, 1071, 1072, 1073, 1078, 1080, 1083, 1085, 1087, 1092, 1094, 1096, 1098, 1099, 1111, 1113, 1114, 1117, 1119, 1121, 1122, 1124, 1125, 1126, 1132, 1134, 1135, 1138, 1139, 1140, 1143, 1148, 1149, 1150, 1152, 1155, 1157, 1160, 1164, 1167, 1169, 1170, 1175, 1178, 1182, 1187, 1188, 1190, 1197, 1199, 1201, 1208, 1209, 1211, 1212, 1216, 1223, 1228, 1232, 1236, 1239, 1241, 1242, 1243, 1250, 1256, 1258, 1261, 1266, 1271, 1276, 1279, 1280, 1286, 1287, 1288, 1289, 1290, 1291, 1293, 1300, 1305, 1307, 1310, 1311, 1318, 1324, 1328, 1329, 1332, 1334, 1335, 1336, 1339, 1344, 1345, 1348, 1351, 1352, 1359, 1360, 1362, 1364, 1366, 1376, 1385, 1389, 1396, 1407, 1410, 1417, 1421, 1423, 1425, 1426, 1430, 1432, 1434, 1435, 1437, 1440, 1454, 1462, 1463, 1466, 1467, 1469, 1489, 1490, 1491, 1493, 1495, 1496, 1499, 1501, 1503, 1505, 1511, 1513, 1516, 1517, 1519, 1525, 1526, 1531, 1537, 1538, 1541, 1547, 1551, 1552, 1554, 1556, 1557, 1558, 1561, 1566, 1571, 1574, 1575, 1576, 1581, 1582, 1583, 1584, 1588, 1593, 1594, 1597, 1599, 1600, 1602, 1616, 1618, 1620, 1624, 1628, 1629, 1630, 1631, 1633, 1638, 1639, 1645, 1646, 1647, 1651, 1653, 1654, 1657, 1664, 1667, 1671, 1674, 1679, 1682, 1683, 1684, 1686, 1693, 1700, 1711, 1720, 1721, 1724, 1729, 1732, 1733, 1734, 1744, 1746, 1749, 1750, 1751, 1753, 1755, 1762, 1766, 1767, 1769, 1771, 1785, 1787, 1789, 1790, 1792, 1793, 1794, 1796, 1807, 1808, 1811, 1814, 1815, 1824, 1825, 1827, 1829, 1838, 1845, 1846, 1848, 1849, 1855, 1863, 1864, 1865, 1866, 1867, 1871, 1872, 1876, 1879, 1880, 1892, 1894, 1907, 1915, 1916, 1917, 1919, 1920, 1921, 1922, 1926, 1928, 1933, 1936, 1937, 1940, 1941, 1945, 1950, 1953, 1956, 1961, 1962, 1965, 1969, 1970, 1973, 1979, 1980, 1981, 1982, 1988, 1990, 1991, 1992, 1994, 2001, 2003, 2006, 2014, 2015, 2016, 2019, 2025, 2028, 2030, 2033, 2038, 2040, 2046, 2055, 2056, 2057, 2061, 2063, 2070, 2072, 2074, 2075, 2080, 2082, 2083, 2088, 2089, 2091, 2098, 2107, 2109, 2112, 2113, 2114, 2118, 2126, 2128, 2133, 2134, 2137, 2138, 2139, 2143, 2144, 2155, 2162, 2163, 2173, 2174, 2178, 2181, 2182, 2184, 2191, 2192, 2193, 2204, 2209, 2210, 2211, 2212, 2214, 2218, 2222, 2223, 2225, 2228, 2230, 2237, 2246, 2247, 2248, 2255, 2256, 2257, 2259, 2260, 2261, 2273, 2278, 2283, 2284, 2285, 2287, 2290, 2292, 2295, 2296, 2299, 2301, 2302, 2307, 2318, 2320, 2323, 2329, 2335, 2337, 2339, 2340, 2342, 2345, 2348, 2354, 2355, 2356, 2357, 2358, 2361, 2364, 2365, 2370, 2373, 2375, 2381, 2384, 2385, 2387, 2392, 2395, 2396, 2407, 2408, 2409, 2413, 2414, 2417, 2418, 2421, 2424, 2427, 2437, 2439, 2440, 2442, 2443, 2447, 2449, 2451, 2456, 2463, 2464, 2465, 2470, 2476, 2480, 2481, 2487, 2490, 2491, 2492, 2497, 2500, 2504, 2506, 2511, 2513, 2516, 2521, 2525, 2528, 2533, 2538, 2539, 2540, 2541, 2544, 2546, 2548, 2550, 2551, 2552, 2559, 2561, 2565, 2566, 2569, 2575, 2576, 2577, 2582, 2586, 2587, 2590, 2592, 2594, 2600, 2603, 2606, 2611, 2617, 2619, 2622, 2625, 2629, 2630, 2635, 2637, 2638, 2641, 2644, 2646, 2647, 2650, 2653, 2654, 2656, 2659, 2660, 2662, 2668, 2674, 2675, 2676, 2679, 2683, 2685, 2687, 2691, 2692, 2701, 2702, 2703, 2711, 2720, 2722, 2723, 2727, 2729, 2731, 2736, 2738, 2741, 2744, 2749, 2751, 2754, 2760, 2762, 2763, 2769, 2777, 2780, 2781, 2782, 2787, 2788, 2789, 2793, 2794, 2797, 2807, 2809, 2810, 2818, 2820, 2822, 2823, 2826, 2833, 2835, 2838, 2840, 2843, 2845, 2848, 2852, 2853, 2854, 2857, 2862, 2866, 2868, 2869, 2874, 2878, 2880, 2882, 2884, 2887, 2890, 2891, 2895, 2900, 2901, 2917, 2918, 2919, 2920, 2933, 2935, 2939, 2943, 2950, 2953, 2959, 2962, 2963, 2966, 2967, 2968, 2974, 2976, 2981, 2993, 2995, 2996, 2998, 2999, 3001, 3005, 3009, 3010, 3014, 3015, 3018, 3019, 3020, 3023, 3027, 3028, 3030, 3035, 3036, 3037, 3038, 3043, 3045, 3046, 3049, 3056, 3060, 3064, 3069, 3070, 3071, 3076, 3080, 3082, 3086, 3087, 3094, 3096, 3111, 3112, 3119, 3120, 3121, 3124, 3130, 3131, 3136, 3142, 3143, 3148, 3153, 3158, 3160, 3162, 3163, 3173, 3174, 3175, 3176, 3178, 3179, 3181, 3182, 3185, 3186, 3190, 3195, 3196, 3197, 3202, 3207, 3214, 3217, 3222, 3223, 3224, 3227, 3229, 3240, 3241, 3243, 3249, 3251, 3257, 3260, 3264, 3268, 3269, 3280, 3281, 3282, 3283, 3287, 3288, 3289, 3292, 3293, 3298, 3300, 3302, 3307, 3308, 3311, 3312, 3315, 3317, 3319, 3320, 3322, 3323, 3324, 3325, 3332, 3333, 3339, 3341, 3344, 3347, 3348, 3353, 3354, 3355, 3356, 3365, 3368, 3369, 3370, 3371, 3372, 3379, 3380, 3381, 3384, 3395, 3398, 3410, 3411, 3416, 3420, 3422, 3423, 3427, 3429, 3431, 3433, 3440, 3445, 3461, 3462, 3470, 3472, 3479, 3482, 3485, 3487, 3495, 3496, 3500, 3503, 3507, 3512, 3513, 3517, 3521, 3524, 3525, 3529, 3533, 3538, 3539, 3540, 3549, 3552, 3553, 3555, 3556, 3568, 3569, 3573, 3575, 3578, 3587, 3593, 3594, 3600, 3603, 3611, 3614, 3615, 3623, 3624, 3626, 3627, 3635, 3638, 3639, 3640, 3643, 3644, 3653, 3654, 3655, 3657, 3658, 3659, 3662, 3667, 3668, 3669, 3670, 3673, 3675, 3678, 3684, 3686, 3687, 3695, 3698, 3699, 3701, 3703, 3705, 3706, 3709, 3710, 3713, 3715, 3716, 3718, 3724, 3726, 3727, 3729, 3732, 3733, 3734, 3735, 3739, 3742, 3743, 3744, 3751, 3753, 3756, 3759, 3768, 3769, 3772, 3774, 3775, 3776, 3777, 3778, 3781, 3782, 3785, 3793, 3798, 3805, 3808, 3810, 3812, 3814, 3815, 3819, 3824, 3827, 3828, 3829, 3835, 3836, 3838, 3841, 3849, 3850, 3854, 3860, 3861, 3863, 3868, 3870, 3873, 3874, 3875, 3876, 3877, 3879, 3885, 3888, 3892, 3893, 3898, 3901, 3903, 3921, 3925, 3929, 3932, 3934, 3935, 3936, 3941, 3943, 3947, 3949, 3951, 3959, 3961, 3963, 3964, 3968, 3969, 3972, 3973, 3979, 3984, 3985, 3987, 3989, 3991, 3992, 3995, 3997, 4002, 4010, 4011, 4015, 4016, 4022, 4024, 4028, 4035, 4037, 4042, 4056, 4057, 4058, 4060, 4064, 4074, 4075, 4077, 4087, 4088, 4094, 4096, 4098, 4099, 4103, 4105, 4107, 4109, 4111, 4112, 4120, 4121, 4122, 4123, 4124, 4125, 4127, 4130, 4131, 4135, 4136, 4139, 4142, 4147, 4148, 4150, 4154, 4155, 4159, 4161, 4167, 4169, 4170, 4171, 4175, 4177, 4180, 4182, 4184, 4190, 4193, 4196, 4197, 4198, 4208, 4209, 4215, 4218, 4219, 4222, 4223, 4226, 4228, 4229, 4234, 4238, 4239, 4243, 4251, 4253, 4259, 4260, 4262, 4264, 4270, 4276, 4277, 4278, 4280, 4292, 4293, 4298, 4300, 4303, 4306, 4309, 4312, 4320, 4322, 4328, 4335, 4340, 4341, 4348, 4355, 4356, 4357, 4358, 4361, 4363, 4367, 4370, 4371, 4372, 4375, 4384, 4386, 4389, 4390, 4391, 4396, 4397, 4399, 4402, 4405, 4406, 4407, 4411, 4413, 4417, 4419, 4426, 4427, 4430, 4431, 4433, 4434, 4436, 4440, 4441, 4443, 4444, 4448, 4450, 4453, 4454, 4455, 4462, 4464, 4466, 4468, 4470, 4471, 4473, 4478, 4482, 4484, 4486, 4488, 4490, 4492, 4495, 4496, 4498, 4499, 4502, 4504, 4507, 4511, 4513, 4514, 4518, 4520, 4521, 4523, 4525, 4527, 4528, 4530, 4531, 4534, 4536, 4540, 4541, 4547, 4548, 4551, 4552, 4557, 4559, 4561, 4562, 4567, 4568, 4570, 4574, 4579, 4586, 4587, 4603, 4604, 4606, 4613, 4614, 4615, 4616, 4622, 4624, 4625, 4629, 4630, 4633, 4637, 4638, 4642, 4643, 4647, 4650, 4658, 4662, 4666, 4669, 4670, 4671, 4672, 4673, 4677, 4688, 4693, 4694, 4696, 4698, 4700, 4701, 4703, 4705, 4706, 4711, 4715, 4716, 4717, 4722, 4724, 4725, 4731, 4732, 4737, 4741, 4747, 4748, 4750, 4753, 4755, 4758, 4761, 4762, 4764, 4767, 4769, 4770, 4774, 4775, 4777, 4781, 4792, 4795, 4800, 4801, 4803, 4805, 4808, 4811, 4818, 4823, 4827, 4830, 4835, 4837, 4840, 4841, 4844, 4845, 4849, 4851, 4853, 4854, 4858, 4861, 4868, 4869, 4873, 4874, 4876, 4878, 4881, 4887, 4888, 4889, 4893, 4896, 4897, 4899, 4901, 4903, 4905, 4907, 4911, 4915, 4917, 4918, 4922, 4924, 4926, 4932, 4933, 4935, 4943, 4944, 4952, 4954, 4955, 4957, 4963, 4966, 4976, 4977, 4978, 4983, 4989, 4990, 4994, 5002, 5004, 5009, 5013, 5015, 5019, 5024, 5030, 5039, 5041, 5042, 5044, 5049, 5051, 5052, 5053, 5058, 5059, 5061, 5063, 5072, 5073, 5077, 5081, 5100, 5104, 5106, 5108, 5115, 5120, 5123, 5125, 5134, 5137, 5140, 5143, 5148, 5150, 5153, 5157, 5160, 5163, 5172, 5173, 5174, 5175, 5177, 5179, 5181, 5185, 5190, 5194, 5197, 5204, 5215, 5217, 5221, 5227, 5229, 5230, 5232, 5237, 5238, 5243, 5246, 5247, 5249, 5255, 5257, 5261, 5264, 5265, 5266, 5268, 5269, 5275, 5277, 5278, 5282, 5284, 5287, 5288, 5292, 5296, 5297, 5299, 5300, 5302, 5306, 5307, 5311, 5317, 5319, 5323, 5324, 5325, 5333, 5337, 5339, 5345, 5346, 5351, 5352, 5357, 5361, 5367, 5371, 5373, 5374, 5375, 5380, 5381, 5382, 5383, 5384, 5386, 5389, 5390, 5396, 5404, 5409, 5410, 5412, 5413, 5414, 5416, 5424, 5427, 5430, 5434, 5435, 5439, 5440, 5441, 5442, 5454, 5459, 5463, 5471, 5472, 5477, 5483, 5484, 5486, 5494, 5495, 5497, 5499, 5500, 5502, 5504, 5506, 5510, 5518, 5519, 5522, 5524, 5528, 5533, 5535, 5543, 5544, 5545, 5549, 5550, 5551, 5560, 5561, 5564, 5565, 5566, 5567, 5568, 5569, 5575, 5576, 5579, 5580, 5581, 5584, 5590, 5593, 5603, 5611, 5619, 5620, 5623, 5624, 5625, 5628, 5632, 5635, 5641, 5642, 5648, 5651, 5654, 5655, 5656, 5660, 5661, 5668, 5673, 5674, 5685, 5690, 5693, 5694, 5700, 5712, 5713, 5715, 5717, 5718, 5719, 5722, 5726, 5738, 5744, 5745, 5746, 5753, 5762, 5767, 5772, 5774, 5780, 5782, 5784, 5787, 5788, 5791, 5793, 5794, 5807, 5809, 5811, 5816, 5822, 5829, 5831, 5832, 5833, 5835, 5839, 5841, 5845, 5849, 5850, 5856, 5860, 5867, 5871, 5873, 5876, 5877, 5881, 5884, 5885, 5903, 5905, 5908, 5910, 5917, 5918, 5924, 5927, 5928, 5929, 5930, 5932, 5933, 5940, 5942, 5945, 5949, 5954, 5960, 5962, 5963, 5965, 5970, 5972, 5977, 5979, 5981, 5982, 5986, 5987, 5989, 5990, 5992, 5995, 6000, 6001, 6002, 6003, 6004, 6009, 6010, 6013, 6014, 6015, 6017, 6027, 6029, 6035, 6040, 6043, 6044, 6045, 6047, 6054, 6059, 6060, 6061, 6065, 6070, 6073, 6076, 6077, 6079, 6081, 6082, 6090, 6091, 6093, 6095, 6100, 6102, 6103, 6114, 6115, 6116, 6123, 6129, 6131, 6135, 6137, 6140, 6141, 6142, 6144, 6145, 6146, 6147, 6148, 6149, 6156, 6161, 6170, 6171, 6173, 6176, 6180, 6182, 6188, 6191, 6193, 6197, 6198, 6202, 6208, 6210, 6213, 6215, 6218, 6219, 6220, 6221, 6226, 6228, 6229, 6230, 6233, 6239, 6242, 6246, 6247, 6250, 6251, 6252, 6257, 6258, 6259, 6264, 6266, 6273, 6276, 6281, 6297, 6300, 6304, 6305, 6307, 6308, 6309, 6311, 6313, 6315, 6319, 6320, 6322, 6325, 6328, 6329, 6330, 6331, 6332, 6335, 6336, 6339, 6348, 6349, 6350, 6351, 6354, 6355, 6356, 6358, 6363, 6365, 6366, 6370, 6390, 6398, 6407, 6410, 6412, 6413, 6416, 6417, 6419, 6420, 6421, 6422, 6427, 6428, 6436, 6438, 6439, 6440, 6443, 6444, 6447, 6451, 6453, 6460, 6465, 6466, 6469, 6470, 6476, 6477, 6478, 6479, 6488, 6491, 6495, 6496, 6498, 6500, 6501, 6502, 6503, 6505, 6506, 6507, 6508, 6516, 6517, 6518, 6519, 6523, 6526, 6529, 6533, 6543, 6547, 6548, 6555, 6556, 6559, 6560, 6561, 6562, 6563, 6565, 6570, 6577, 6578, 6582, 6585, 6586, 6588, 6593, 6594, 6597, 6601, 6604, 6606, 6607, 6618, 6619, 6632, 6635, 6648, 6656, 6658, 6663, 6667, 6671, 6673, 6674, 6675, 6679, 6682, 6686, 6687, 6689, 6693, 6697, 6698, 6701, 6703, 6708, 6709, 6716, 6717, 6719, 6721, 6724, 6729, 6731, 6736, 6739, 6740, 6741, 6742, 6745, 6750, 6757, 6760, 6762, 6770, 6771, 6780, 6782, 6787, 6790, 6792, 6794, 6799, 6802, 6803, 6807, 6809, 6810, 6814, 6816, 6818, 6823, 6827, 6831, 6832, 6834, 6843, 6848, 6850, 6858, 6862, 6864, 6865, 6866, 6867, 6871, 6873, 6879, 6884, 6885, 6886, 6887, 6889, 6892, 6893, 6895, 6905, 6906, 6907, 6908, 6912, 6917, 6919, 6922, 6931, 6933, 6936, 6938, 6941, 6943, 6949, 6950, 6957, 6961, 6964, 6965, 6966, 6968, 6970, 6972, 6976, 6980, 6981, 6983, 6985, 6986, 6989, 6990, 6997, 7001, 7004, 7010, 7011, 7014, 7017, 7024, 7026, 7027, 7029, 7032, 7037, 7041, 7042, 7043, 7047, 7051, 7052, 7055, 7058, 7062, 7068, 7074, 7075, 7080, 7082, 7083, 7086, 7089, 7090, 7091, 7095, 7096, 7097, 7099, 7100, 7106, 7110, 7111, 7117, 7118, 7120, 7123, 7128, 7142, 7145, 7146, 7149, 7151, 7159, 7162, 7164, 7165, 7167, 7171, 7173, 7175, 7183, 7184, 7186, 7187, 7188, 7193, 7197, 7209, 7210, 7214, 7215, 7217, 7221, 7222, 7224, 7225, 7226, 7228, 7230, 7234, 7238, 7241, 7242, 7243, 7247, 7257, 7258, 7259, 7263, 7264, 7266, 7269, 7271, 7285, 7287, 7290, 7293, 7298, 7301, 7303, 7304, 7305, 7307, 7310, 7312, 7313, 7315, 7319, 7320, 7323, 7326, 7327, 7328, 7331, 7332, 7338, 7341, 7345, 7346, 7355, 7358, 7361, 7364, 7365, 7368, 7369, 7372, 7374, 7383, 7388, 7393, 7396, 7400, 7401, 7404, 7407, 7410, 7411, 7412, 7413, 7414, 7418, 7420, 7429, 7433, 7442, 7446, 7447, 7457, 7459, 7464, 7473, 7479, 7482, 7483, 7484, 7485, 7488, 7490, 7491, 7493, 7494, 7501, 7504, 7505, 7507, 7508, 7513, 7520, 7521, 7522, 7524, 7526, 7527, 7531, 7534, 7535, 7539, 7542, 7543, 7544, 7546, 7552, 7553, 7556, 7560, 7567, 7572, 7573, 7577, 7589, 7593, 7595, 7596, 7598, 7600, 7604, 7605, 7609, 7614, 7619, 7623, 7626, 7635, 7636, 7640, 7645, 7650, 7651, 7653, 7654, 7658, 7661, 7667, 7669, 7670, 7671, 7673, 7675, 7678, 7679, 7680, 7682, 7689, 7694, 7696, 7697, 7699, 7700, 7703, 7707, 7711, 7713, 7716, 7717, 7726, 7732, 7735, 7737, 7743, 7744, 7747, 7750, 7751, 7752, 7760, 7761, 7763, 7771, 7775, 7777, 7779, 7781, 7786, 7787, 7789, 7794, 7795, 7796, 7800, 7803, 7805, 7810, 7811, 7812, 7815, 7821, 7825, 7835, 7839, 7840, 7842, 7843, 7847, 7851, 7852, 7858, 7859, 7861, 7868, 7876, 7880, 7884, 7885, 7887, 7899, 7901, 7903, 7905, 7917, 7924, 7938, 7939, 7940, 7941, 7942, 7945, 7965, 7967, 7968, 7970, 7973, 7977, 7979, 7980, 7981, 7987, 7990, 7994, 7997, 8000, 8002, 8006, 8007, 8011, 8013, 8015, 8016, 8017, 8020, 8029, 8032, 8040, 8042, 8044, 8045, 8049, 8056, 8057, 8059, 8061, 8066, 8067, 8069, 8071, 8084, 8085, 8092, 8100, 8107, 8111, 8113, 8114, 8119, 8129, 8130, 8133, 8135, 8138, 8140, 8142, 8150, 8152, 8154, 8155, 8156, 8159, 8165, 8166, 8172, 8181, 8187, 8191, 8193, 8194, 8196, 8197, 8198, 8201, 8206, 8208, 8210, 8213, 8215, 8218, 8220, 8222, 8223, 8226, 8228, 8229, 8230, 8231, 8233, 8239, 8240, 8241, 8244, 8245, 8246, 8250, 8251, 8252, 8257, 8259, 8260, 8261, 8262, 8264, 8268, 8272, 8274, 8277, 8279, 8280, 8285, 8291, 8293, 8294, 8295, 8301, 8302, 8303, 8310, 8311, 8312, 8313, 8316, 8319, 8325, 8331, 8333, 8337, 8340, 8342, 8352, 8354, 8355, 8357, 8361, 8363, 8365, 8367, 8368, 8372, 8373, 8374, 8380, 8381, 8392, 8400, 8401, 8403, 8408, 8411, 8417, 8418, 8421, 8426, 8436, 8439, 8446, 8449, 8455, 8463, 8472, 8475, 8477, 8479, 8480, 8483, 8485, 8487, 8488, 8492, 8493, 8496, 8497, 8500, 8505, 8507, 8510, 8512, 8514, 8518, 8524, 8528, 8530, 8531, 8532, 8537, 8538, 8539, 8543, 8545, 8557, 8558, 8566, 8570, 8572, 8574, 8578, 8581, 8585, 8587, 8590, 8591, 8592, 8593, 8598, 8600, 8605, 8606, 8608, 8609, 8612, 8614, 8622, 8623, 8624, 8626, 8627, 8629, 8631, 8632, 8634, 8635, 8636, 8638, 8639, 8640, 8641, 8643, 8644, 8645, 8648, 8651, 8659, 8661, 8665, 8667, 8669, 8671, 8675, 8678, 8679, 8682, 8684, 8696, 8704, 8706, 8707, 8708, 8712, 8714, 8716, 8720, 8725, 8730, 8732, 8734, 8735, 8738, 8740, 8742, 8743, 8745, 8750, 8751, 8752, 8753, 8758, 8763, 8765, 8767, 8769, 8773, 8775, 8779, 8781, 8783, 8791, 8792, 8795, 8796, 8797, 8800, 8802, 8809, 8810, 8814, 8815, 8820, 8822, 8828, 8831, 8836, 8840, 8848, 8852, 8855, 8859, 8861, 8863, 8864, 8865, 8870, 8876, 8877, 8880, 8883, 8885, 8889, 8890, 8895, 8896, 8897, 8901, 8902, 8903, 8905, 8906, 8907, 8908, 8909, 8912, 8921, 8926, 8927, 8930, 8932, 8936, 8937, 8939, 8943, 8949, 8954, 8955, 8956, 8960, 8962, 8963, 8964, 8968, 8974, 8980, 8982, 8986, 8991, 8998, 9005, 9007, 9013, 9017, 9029, 9031, 9035, 9036, 9037, 9042, 9044, 9047, 9049, 9052, 9053, 9057, 9061, 9062, 9063, 9065, 9069, 9070, 9079, 9084, 9086, 9091, 9092, 9093, 9094, 9096, 9100, 9109, 9112, 9114, 9115, 9122, 9125, 9128, 9129, 9141, 9143, 9145, 9146, 9147, 9148, 9150, 9157, 9160, 9162, 9163, 9166, 9170, 9171, 9172, 9175, 9185, 9187, 9189, 9191, 9194, 9195, 9197, 9198, 9199, 9202, 9205, 9210, 9214, 9216, 9219, 9220, 9222, 9224, 9226, 9230, 9232, 9235, 9239, 9241, 9244, 9246, 9250, 9256, 9264, 9266, 9273, 9275, 9276, 9277, 9284, 9290, 9292, 9294, 9297, 9302, 9304, 9307, 9309, 9310, 9312, 9315, 9316, 9323, 9329, 9333, 9335, 9338, 9339, 9344, 9345, 9348, 9351, 9354, 9368, 9372, 9373, 9374, 9386, 9387, 9388, 9391, 9393, 9396, 9397, 9400, 9402, 9408, 9415, 9417, 9425, 9430, 9431, 9433, 9435, 9446, 9448, 9451, 9454, 9455, 9457, 9458, 9459, 9461, 9467, 9469, 9479, 9481, 9485, 9487, 9489, 9490, 9492, 9493, 9496, 9497, 9499, 9505, 9509, 9514, 9516, 9521, 9524, 9525, 9526, 9527, 9532, 9533, 9535, 9536, 9538, 9539, 9548, 9552, 9554, 9559, 9563, 9564, 9565, 9570, 9574, 9576, 9577, 9588, 9589, 9591, 9594, 9595, 9600, 9602, 9603, 9604, 9615, 9617, 9618, 9624, 9625, 9628, 9629, 9639, 9643, 9647, 9651, 9658, 9659, 9660, 9662, 9664, 9665, 9666, 9669, 9674, 9685, 9689, 9690, 9693, 9695, 9696, 9698, 9707, 9708, 9716, 9727, 9728, 9729, 9736, 9745, 9754, 9756, 9757, 9764, 9775, 9777, 9782, 9783, 9784, 9789, 9796, 9799, 9800, 9802, 9803, 9804, 9805, 9809, 9813, 9819, 9821, 9822, 9824, 9825, 9826, 9828, 9829, 9830, 9834, 9836, 9841, 9843, 9855, 9858, 9860, 9861, 9866, 9867, 9873, 9874, 9877, 9887, 9888, 9891, 9892, 9895, 9903, 9905, 9908, 9909, 9910, 9920, 9923, 9924, 9927, 9928, 9929, 9930, 9934, 9935, 9937, 9940, 9941, 9944, 9945, 9946, 9950, 9953, 9955, 9957, 9959, 9960, 9966, 9968, 9970, 9983, 9984, 9985, 9986, 9989, 9991]
Packed_weights: [9098, 7932, 9938, 7889, 8288, 10808, 10788, 8612, 8129, 9502, 10985, 7862, 10568, 10128, 8637, 10382, 9520, 9716, 8104, 9069, 8383, 9413, 9969, 10560, 10305, 8825, 8254, 10306, 9228, 8791, 9735, 10380, 9320, 10782, 7950, 10260, 10436, 8809, 8675, 9205, 8680, 8684, 9326, 8848, 8757, 9193, 10142, 10698, 10398, 10804, 9062, 10336, 10215, 8990, 9146, 10693, 8955, 9982, 10981, 10523, 9304, 10466, 7944, 9399, 9129, 10879, 9940, 8394, 10328, 9281, 7992, 9920, 9371, 9971, 9463, 9654, 9527, 9822, 9135, 8665, 8725, 8260, 8144, 8073, 10611, 10511, 10568, 10111, 9370, 10230, 10067, 8299, 10427, 8732, 9186, 10973, 10972, 10590, 10277, 10967, 9005, 8771, 9325, 10777, 10286, 10684, 9178, 8015, 10175, 10327, 9059, 10069, 10060, 10231, 10949, 10737, 7922, 9935, 8330, 8233, 10414, 10870, 10172, 9818, 10536, 10639, 9548, 9537, 9340, 9559, 8260, 9340, 9937, 10473, 9048, 8210, 7928, 9138, 9101, 8372, 9276, 10946, 9600, 9926, 10788, 10077, 10325, 9975, 10037, 10847, 9102, 8697, 8560, 9185, 8373, 8892, 8423, 10064, 9961, 9012, 9433, 9447, 8181, 8490, 9038, 10703, 8123, 8090, 9193, 10005, 9620, 7908, 8666, 10387, 10495, 9272, 10845, 8049, 8541, 9575, 8043, 9774, 9007, 9773, 9707, 9996, 8513, 10053, 8484, 8262, 9672, 8397, 9167, 9495, 9406, 10682, 8429, 9375, 8069, 9381, 9346, 7936, 9834, 7958, 9208, 7991, 9624, 7941, 9560, 9921, 10588, 10584, 10230, 10136, 10113, 8244, 8880, 10514, 8359, 10751, 9840, 8761, 10056, 9032, 7907, 8021, 10499, 9467, 10822, 9467, 9905, 8713, 9855, 10831, 8460, 9306, 10363, 9178, 8350, 10222, 8344, 9652, 9947, 10709, 10900, 8558, 9651, 10990, 10991, 9272, 10599, 8370, 8427, 8861, 10286, 8510, 8046, 9963, 8216, 10831, 8954, 10179, 10713, 9106, 8561, 8800, 8717, 9323, 7847, 7862, 9014, 9727, 8281, 8202, 10280, 9303, 10076, 10257, 8954, 8521, 8587, 9130, 9624, 8490, 10427, 9527, 10848, 10567, 8953, 9683, 10675, 7986, 10724, 9695, 9011, 10061, 10133, 10437, 7889, 8155, 10354, 9166, 7836, 10001, 8660, 10024, 10115, 9583, 7981, 10344, 8963, 8495, 10223, 9674, 7900, 9503, 8668, 9504, 9368, 8617, 9161, 8600, 9757, 10858, 8055, 9424, 10668, 8475, 8389, 10092, 8410, 10452, 9737, 8248, 8502, 9622, 8866, 9490, 8836, 10491, 8336, 9521, 9379, 9420, 8814, 10860, 7923, 10072, 8995, 8569, 10910, 7831, 9665, 8240, 10222, 8713, 8111, 10589, 10960, 9362, 10028, 10634, 10685, 8087, 10329, 7823, 7886, 9096, 8151, 10790, 8214, 10427, 10770, 8149, 10153, 8994, 9420, 10485, 9840, 10968, 8324, 9672, 9123, 10167, 7946, 8313, 8124, 9166, 9328, 8809, 8393, 9627, 8724, 9158, 9850, 10847, 10308, 8257, 8386, 9555, 10907, 10536, 10709, 8701, 9217, 8705, 8000, 9247, 8813, 8162, 8391, 10885, 8222, 9000, 9493, 9776, 9764, 8404, 10877, 9378, 8699, 7984, 7829, 10696, 10148, 9010, 8194, 9333, 8306, 8735, 9987, 9962, 10012, 10995, 8692, 9829, 8178, 9810, 10215, 8278, 8785, 9234, 9560, 10303, 8533, 10797, 7819, 8770, 10919, 10452, 10705, 9659, 9242, 9391, 9325, 10657, 7846, 10918, 8142, 10831, 10857, 10162, 9190, 9795, 10410, 9774, 9071, 8681, 9181, 8090, 7950, 10236, 9097, 10523, 8999, 10869, 9653, 10324, 8758, 10794, 8037, 10318, 10180, 8817, 10174, 8822, 9172, 8834, 10582, 8260, 8751, 9711, 10103, 7880, 8862, 10080, 9753, 9878, 9074, 9441, 10867, 10511, 10781, 8541, 9408, 9158, 8662, 10557, 8599, 10629, 8907, 8374, 10719, 10871, 9608, 10222, 8194, 8209, 8620, 10705, 9070, 9841, 9586, 10132, 7905, 9285, 9867, 9271, 7944, 10900, 10789, 8773, 10048, 10536, 10259, 8684, 10902, 9663, 10932, 10734, 10441, 10488, 8142, 8322, 10872, 9523, 8502, 10599, 10294, 8210, 7850, 10748, 10180, 9342, 8938, 9262, 9537, 10596, 8676, 9488, 8972, 10128, 9037, 9457, 9544, 10747, 10349, 7940, 10587, 9706, 9120, 10793, 9688, 10612, 9551, 10544, 9075, 8127, 9220, 9473, 8295, 10604, 8215, 9025, 9051, 9710, 8960, 9520, 9718, 9334, 8247, 9824, 9646, 7815, 9646, 8516, 8340, 10105, 8644, 8761, 9990, 8907, 8705, 9835, 8575, 7997, 8763, 8473, 10759, 9993, 10883, 8211, 9674, 9519, 8220, 10250, 8265, 10368, 10369, 9673, 9347, 10220, 8011, 10452, 9812, 9376, 8237, 10201, 8071, 9227, 10593, 10367, 10712, 9719, 8350, 10318, 7968, 8653, 9938, 8022, 10642, 9357, 9440, 9308, 9556, 9023, 10119, 10331, 8042, 8797, 10858, 8827, 8733, 9951, 9853, 9546, 8783, 8534, 9000, 9679, 8652, 9864, 10951, 7871, 10736, 8202, 10427, 10531, 8732, 10165, 9329, 9024, 9635, 10479, 10526, 10283, 9335, 8934, 10607, 7949, 9252, 9135, 7907, 10131, 10554, 8752, 9012, 8097, 9489, 8123, 10497, 10162, 10091, 9268, 8371, 10565, 8687, 9211, 9196, 8239, 9870, 8177, 10009, 8250, 8360, 7962, 9703, 10500, 8810, 8208, 8768, 10320, 10949, 8629, 9398, 9160, 8702, 8480, 10259, 7911, 9319, 9852, 8537, 8495, 8561, 9857, 10409, 7792, 9001, 10667, 8605, 9408, 8033, 9632, 9696, 10452, 10264, 8043, 9876, 9137, 8760, 8883, 9663, 10885, 8706, 10136, 10514, 8115, 8697, 10575, 9547, 10211, 8041, 8134, 9965, 10874, 8596, 8589, 7909, 8597, 9466, 8513, 9585, 9922, 10462, 9359, 8576, 8996, 8437, 10571, 9687, 10896, 7910, 8838, 9417, 9266, 8000, 10935, 9135, 9586, 7835, 9748, 7859, 10760, 8902, 8793, 9976, 9876, 10474, 8097, 8186, 8363, 9186, 10366, 10189, 10295, 8775, 8429, 10030, 8169, 10233, 9579, 10541, 9597, 9276, 8512, 10677, 8592, 10757, 8617, 9347, 10454, 10630, 7944, 10797, 10876, 10738, 9967, 9668, 10434, 9869, 9640, 10500, 9533, 9936, 10429, 9669, 9282, 7792, 9659, 8972, 10022, 9536, 9254, 9801, 10733, 10298, 10264, 9551, 10555, 9430, 8589, 8781, 8498, 8365, 10450, 8009, 9742, 8438, 9189, 7939, 10791, 9556, 9789, 9545, 9818, 8775, 10103, 8607, 8346, 10154, 11000, 9291, 10642, 9376, 8785, 8801, 10147, 8112, 8617, 9572, 9932, 10550, 10405, 8994, 8099, 10885, 8871, 10470, 9388, 9169, 10557, 7940, 9159, 7792, 8200, 9974, 9353, 10818, 10998, 8310, 10097, 9678, 9901, 8577, 9521, 8963, 8610, 9403, 8727, 10706, 8081, 8485, 8460, 9327, 9018, 8379, 9541, 8659, 10109, 9650, 10505, 10582, 8314, 9058, 9292, 10580, 9795, 9156, 10711, 9048, 9908, 7957, 9246, 10485, 10091, 9989, 9135, 8552, 8402, 8235, 8026, 8560, 8289, 7932, 8438, 9822, 8728, 9159, 8743, 8146, 9201, 8167, 9393, 9248, 10414, 9471, 9335, 8585, 9180, 10750, 9075, 10335, 8948, 8921, 9725, 8454, 8593, 8670, 9745, 9364, 9969, 9582, 9156, 9400, 9958, 10673, 8766, 10451, 8650, 7986, 8638, 8039, 10394, 9491, 8315, 8691, 8445, 9016, 8097, 10099, 10476, 9592, 8946, 9854, 9277, 10070, 9546, 9474, 9325, 8471, 8066, 9038, 8123, 10459, 8238, 10933, 10369, 9772, 8647, 9506, 10007, 9371, 9932, 8815, 10390, 8766, 8284, 9737, 9925, 9395, 8415, 9341, 9338, 7890, 8634, 7951, 10197, 8516, 10074, 10928, 8297, 9042, 8972, 10437, 9046, 9825, 10722, 9744, 10658, 7976, 9168, 9475, 8045, 8553, 10585, 8377, 8918, 10028, 10633, 9190, 8290, 9090, 9565, 7959, 7965, 8546, 8300, 8837, 10875, 10373, 9566, 8399, 8071, 9479, 9873, 7932, 8769, 10885, 10325, 9991, 8648, 9607, 10854, 9805, 8804, 10424, 10038, 9234, 10757, 7925, 10710, 8254, 8339, 10322, 10991, 9732, 10294, 10137, 9836, 8861, 8229, 8744, 10990, 8707, 10974, 7911, 9618, 10988, 9238, 10065, 9474, 9540, 10634, 10344, 10747, 10579, 8472, 8807, 8518, 10737, 8718, 9274, 9594, 9921, 10767, 8907, 9748, 10396, 10253, 8844, 10524, 10816, 7811, 9024, 9762, 10528, 9492, 10817, 7945, 10566, 9049, 10819, 9213, 8851, 10443, 8822, 9651, 8951, 10952, 10645, 8864, 7904, 9397, 10057, 10025, 9003, 7961, 10672, 9989, 9155, 8530, 9330, 10541, 8488, 9141, 8229, 10938, 10980, 9833, 10443, 9466, 10346, 7943, 10096, 8963, 10234, 9192, 10913, 9146, 9817, 9858, 8307, 8376, 8284, 8095, 10157, 10290, 9749, 8903, 9980, 8245, 8564, 7972, 8265, 8995, 9548, 7925, 9038, 8388, 10421, 8160, 7882, 9942, 9498, 8300, 8562, 8104, 7910, 9471, 8308, 9359, 10592, 9929, 10689, 10470, 8854, 8898, 10757, 10961, 10955, 10617, 10532, 8806, 10785, 8685, 8442, 10702, 9865, 9886, 10831, 10142, 10868, 10178, 10969, 10587, 9507, 8205, 8992, 10528, 8238, 10088, 10770, 9072, 10971, 8815, 10558, 9267, 8831, 7837, 10024, 10856, 8781, 10464, 9839, 10471, 8711, 8385, 8979, 9313, 9917, 8502, 8023, 8377, 9212, 9100, 10421, 10554, 8984, 8649, 7992, 9947, 10486, 10946, 7917, 10518, 9258, 8727, 10670, 8599, 8623, 9780, 10387, 10555, 8558, 9034, 8763, 10908, 8306, 8589, 8014, 8299, 9373, 7841, 8488, 10422, 9875, 9661, 10325, 9154, 10523, 7845, 8653, 8531, 8416, 8422, 10915, 9429, 9234, 7880, 9494, 8482, 9269, 9333, 10619, 10958, 9541, 8068, 10937, 8456, 8142, 8399, 9367, 7802, 10412, 9399, 10843, 8882, 8378, 9713, 10679, 10596, 7848, 10159, 10592, 9411, 8426, 9273, 8711, 9945, 8600, 9784, 8470, 10320, 10793, 7992, 10924, 10225, 8026, 10568, 8157, 10660, 10760, 8599, 10466, 9394, 10412, 10130, 8578, 9149, 8775, 10094, 10542, 10160, 10290, 9360, 7989, 8620, 7795, 9670, 10794, 7893, 8103, 10366, 10978, 8160, 10075, 8402, 8973, 10907, 9287, 8472, 8534, 10317, 10971, 8012, 9393, 8408, 8955, 8828, 8117, 8691, 8239, 8923, 9186, 10035, 8152, 10308, 8570, 8904, 9427, 9913, 9989, 10981, 9516, 10398, 9635, 9307, 10366, 10801, 8994, 9690, 9949, 10033, 10488, 8428, 10213, 8638, 8023, 9613, 10343, 8114, 9281, 10981, 8685, 9004, 10804, 9429, 8362, 9184, 10267, 8257, 7983, 8236, 10544, 10739, 8864, 9442, 8584, 7975, 10200, 10704, 8770, 8432, 10281, 8298, 9086, 7905, 10843, 10749, 8903, 8959, 9492, 9260, 9244, 9693, 10814, 10052, 8433, 8156, 8641, 10612, 9967, 10528, 9168, 9264, 10064, 9211, 10526, 10301, 8355, 9581, 9137, 9563, 9032, 10086, 9828, 9011, 9428, 8485, 8905, 9492, 9636, 8022, 9089, 9817, 10235, 8880, 10549, 8896, 10738, 10680, 9055, 8982, 10703, 8992, 8807, 10334, 10053, 9012, 8227, 8858, 9931, 9066, 10047, 8403, 10683, 9334, 9546, 10033, 9757, 9387, 8513, 8985, 10836, 9779, 10634, 10489, 7888, 8449, 10599, 8245, 9524, 10791, 8660, 9518, 8335, 8229, 9956, 8647, 10138, 8024, 9303, 7822, 9984, 8207, 9748, 9407, 8366, 9795, 10383, 10796, 10443, 7871, 9561, 9174, 10509, 8119, 8700, 9724, 10471, 8045, 7880, 9950, 9123, 10063, 9730, 8640, 10937, 8998, 8050, 7998, 9680, 8780, 8591, 9594, 10824, 10941, 9795, 9626, 9301, 9263, 8906, 9375, 8330, 7931, 8930, 9250, 8893, 8166, 8959, 8451, 9049, 10142, 10938, 10608, 9160, 7818, 10364, 9600, 8941, 8011, 10594, 9050, 8732, 10837, 10384, 9326, 9142, 8664, 8297, 10150, 9249, 7919, 10806, 10876, 9704, 10632, 9761, 8660, 10487, 9282, 8852, 9666, 8083, 8286, 8255, 8580, 9223, 8382, 10369, 8846, 9295, 10358, 9463, 8596, 7837, 8086, 8830, 9315, 8484, 8631, 8152, 9440, 10499, 9837, 10228, 9046, 8805, 10982, 9275, 10754, 8522, 9348, 10471, 10865, 9243, 10453, 9629, 7891, 9590, 10709, 8844, 8345, 7999, 9510, 10011, 9846, 9025, 8606, 9974, 8056, 9212, 9655, 10705, 9772, 9007, 9714, 9428, 9976, 7982, 8834, 10925, 9645, 9859, 10866, 7963, 9120, 9687, 9624, 9846, 8674, 7801, 9253, 9500, 9169, 10192, 9227, 9695, 8825, 9547, 8985, 7928, 8860, 10334, 10496, 8487, 8855, 8385, 8639, 10264, 9639, 8193, 8927, 8791, 8222, 8860, 10545, 10817, 8809, 10255, 10864, 9931, 9315, 8201, 9931, 10791, 9098, 10438, 8953, 10946, 10821, 10914, 10570, 10400, 7846, 7857, 8163, 9746, 10728, 8923, 9171, 7809, 10550, 8262, 9374, 9725, 8177, 10606, 9968, 8253, 9309, 10701, 9044, 7840, 7861, 10161, 10917, 7916, 10136, 8409, 9387, 9648, 9248, 9570, 8776, 8352, 9256, 8648, 9908, 9472, 8564, 8057, 9365, 9893, 9598, 9160, 10213, 8903, 9064, 8341, 8105, 9627, 8800, 8887, 10845, 9209, 8137, 9116, 7916, 9570, 8217, 10781, 8532, 8994, 10271, 8797, 8634, 10761, 8847, 9265, 10795, 9624, 10280, 8338, 9055, 8890, 9985, 9459, 9525, 8093, 8951, 10949, 10878, 8829, 9731, 10283, 8035, 10498, 8568, 10004, 10410, 9722, 8670, 8659, 9690, 10832, 10694, 8689, 10743, 8645, 10442, 9433, 10787, 7863, 8409, 9485, 10593, 10301, 8776, 9553, 9901, 8989, 8414, 9743, 10742, 10305, 10556, 8111, 9701, 9429, 8293, 9867, 8517, 10562, 8643, 9024, 8190, 9479, 9433, 8553, 7918, 9901, 9092, 8877, 10868, 10364, 7796, 9214, 10820, 10387, 8066, 10881, 8670, 10181, 9483, 8489, 7808, 9590, 9343, 10924, 9680, 9018, 7996, 10323, 9991, 8394, 8246, 10432, 10274, 8383, 9085, 10971, 9939, 10448, 10635, 8458, 7818, 9264, 10051, 8657, 8403, 8984, 9623, 9023, 8238, 8333, 10992, 8017, 8540, 10397, 10708, 9115, 10473, 9393, 8504, 8201, 9407, 10853, 8572, 10030, 8685, 8951, 9225, 8974, 10396, 10382, 10456, 10383, 10551, 8881, 10178, 9381, 8048, 8682, 10968, 10753, 10147, 10422, 7879, 9154, 9568, 10085, 10832, 8108, 9383, 9332, 10878, 8941, 8134, 8099, 9481, 10021, 9264, 8142, 10735, 9340, 8318, 9613, 9879, 10033, 9800, 9030, 8258, 10721, 7853, 9053, 8765, 9032, 10947, 8812, 10791, 9353, 8654, 8756, 10992, 8736, 8385, 7812, 9122, 9212, 9114, 8881, 10174, 10532, 10965, 9341, 9832, 8887, 9038, 8415, 8139, 10472, 7929, 9861, 10763, 9811, 9820, 9754, 8071, 10859, 8933, 9338, 10143, 9083, 7906, 10494, 10496, 10174, 8147, 9422, 10828, 8872, 10245, 8661, 8303, 10822, 8885, 9123, 8298, 9125, 10824, 8620, 9087, 8392, 10320, 8794, 10784, 10234, 9272, 9676, 10497, 7961, 10534, 10649, 9903, 10424, 9642, 10135, 10835, 9627, 9208, 10689, 8533, 7884, 8366, 8227, 8093, 9134, 10722, 9832, 9283, 10311, 9753, 8811, 10958, 10213, 8143, 7931, 9169, 10857, 10369, 7933, 10349, 8773, 7975, 7935, 9149, 8475, 7800, 8611, 10510, 10007, 8609, 8491, 9403, 8416, 9929, 7959, 8461, 10987, 10852, 8698, 8068, 9225, 8104, 7945, 9942, 9606, 10330, 9813, 10968, 10742, 10046, 10445, 9992, 10366, 10038, 10504, 9926, 10606, 10927, 8848, 8171, 10680, 9472, 10451, 8107, 10700, 8107, 8259, 9327, 8879, 8368, 10036, 8576, 10019, 8203, 9766, 10405, 9098, 8522, 8104, 7872, 9932, 10979, 9126, 8006, 8621, 8654, 10830, 10210, 10460, 8079, 9927, 9997, 9874, 9358, 8452, 8312, 10688, 8490, 9630, 9063, 9117, 9213, 9158, 9154, 8319, 10580, 9061, 8624, 9514, 9185, 9513, 9820, 10067, 9272, 8488, 10998, 8316, 8311, 8991, 10548, 10538, 10861, 8314, 9556, 8287, 8082, 7873, 8164, 9075, 10058, 9892, 8355, 8604, 9611, 8667, 9929, 10368, 9949, 8791, 10727, 10369, 9213, 9739, 10831, 9369, 7975, 10862, 10717, 8447, 10765, 7804, 9216, 8301, 8433, 9840, 9245, 9488, 9883, 10441, 10351, 9474, 10975, 10888, 9293, 8698, 9710, 8036, 10373, 9463, 10315, 9796, 9357, 9507, 10625, 10009, 9263, 10562, 9751, 7991, 8874, 8943, 10336, 8718, 8100, 9993, 8858, 8132, 8746, 7897, 10924, 9272, 9750, 10678, 10504, 10095, 10293, 9361, 9678, 9960, 8074, 9875, 9048, 10688, 9852, 10762, 9727, 9195, 9938, 8218, 9770, 10508, 10536, 10487, 8424, 8943, 10248, 10772, 9024, 10262, 10096, 10428, 10449, 10917, 10609, 7951, 7905, 9678, 8074, 9985, 8824, 8110, 8950, 9621, 8822, 9009, 8398, 10746, 10307, 8832, 9818, 9154, 8163, 9880, 10371, 9816, 10552, 9897, 10911, 8734, 8426, 10473, 9193, 9245, 8541, 9890, 9323, 9468, 8325, 8587, 10126, 8576, 8689, 10991, 7988, 8822, 10599, 8904, 10225, 9838, 8100, 10424, 10365, 7832, 9634, 9303, 10142, 8672, 8946, 10635, 8220, 9314, 8118, 10558, 10407, 8918, 9018, 9178, 8334, 9097, 7817, 8992, 10175, 10842, 9143, 10839, 10382, 10771, 10226, 9322, 7810, 9586, 9876, 9986, 10477, 7980, 9122, 8767, 8958, 8041, 7917, 8664, 10005, 10925, 8753, 10817, 10291, 8440, 10124, 10468, 9483, 8864, 9048, 10207, 10290, 10651, 10426, 9177, 10376, 8177, 8347, 7932, 8200, 9409, 8511, 9189, 10254, 7814, 8783, 10616, 8486, 8642, 10181, 9987, 8741, 10190, 8282, 10620, 8981, 7867, 10256, 10445, 9146, 8164, 8632, 10698, 7889, 7998, 9348, 8401, 8621, 10176, 10242, 10002, 9204, 9241, 9023, 8635, 8688, 9549, 10880, 8275, 10376, 10617, 9685, 10022, 9920, 8555, 10938, 9682, 8051, 8559, 9256, 9484, 8354, 10926, 8372, 10231, 9495, 10959, 10873, 10427, 10806, 7888, 8549, 8522, 8741, 10284, 8499, 8852, 9854, 10278, 9891, 10026, 8871, 10588, 8878, 9715, 10821, 10610, 9839, 8687, 9276, 9949, 9763, 9494, 9188, 9310, 10039, 9592, 8805, 10556, 9685, 8132, 9924, 9808, 10415, 8477, 8431, 7940, 10136, 10000, 9147, 8589, 7908, 10712, 7801, 10526, 8448, 9708, 10003, 8164, 9326, 9152, 9935, 8096, 8784, 10605, 8372, 8699, 7855, 9877, 8810, 9514, 7797, 10527, 9616, 8428, 9117, 9145, 10607, 9828, 8907, 10547, 9235, 9083, 10336, 9727, 9320, 9395, 8457, 10679, 10154, 9596, 10766, 10267, 8508, 10228, 10798, 8687, 10443, 8048, 9922, 9461, 10850, 9688, 8689, 9192, 9640, 9106, 10505, 10828, 10617, 8628, 9677, 7980, 8447, 9642, 10854, 9737, 9283, 9913, 9128, 8723, 8029, 8358, 9009, 9263, 8942, 8449, 10247, 8462, 9229, 9312, 9540, 8220, 8713, 10083, 9059, 10524, 8758, 10398, 8077, 9488, 9732, 8884, 9027, 10567, 9780, 8042, 8145, 8721, 10039, 8902, 10756, 10282, 8295, 10596, 7858, 10481, 8792, 9840, 8439, 9766, 10007, 9709, 10082, 8623, 8208, 10188, 7948, 7800, 10317, 8125, 10207, 8947, 7889, 8585, 9789, 9032, 10688, 8858, 8530, 10954, 8014, 10071, 10609, 10692, 8950, 10175, 10227, 8714, 10182, 10232, 9147, 9984, 7941, 10128, 10424, 9099, 8695, 9353, 7916, 8014, 10500, 9214, 9880, 10289, 7856, 10961, 10666, 8082, 9455, 7856, 10692, 8976, 10547, 10273, 8743, 10843, 8113, 8119, 10205, 8954, 9513, 10612, 9242, 10294, 10746, 9161, 9694, 8438, 9422, 8100, 8076, 8848, 10843, 9667, 10996, 10568, 7911, 9180, 8964, 8890, 9983, 8609, 8725, 8872, 9034, 9608, 8613, 10426, 10918, 8362, 9265, 8135, 8225, 8831, 10859, 7968, 9895, 8499, 9349, 9992, 10534, 8447, 8962, 10229, 9399, 9541, 10344, 10746, 8329, 9565, 9951, 10173, 10965, 9523, 7877, 8296, 10945, 10924, 8325, 9537, 10718, 9534, 10148, 10673, 10884, 10329, 9904, 8516, 9365, 8527, 9811, 9852, 10313, 7999, 8090, 9964, 9090, 10546, 8983, 8291, 9955, 10503, 9898, 10714, 10755, 7889, 10435, 8046, 9301, 8650, 10212, 7966, 7955, 9516, 10188, 9632, 7799, 10040, 8482, 10756, 9715, 7928, 10259, 10348, 9444, 8535, 8468, 9834, 9864, 8612, 8820, 9187, 10265, 9190, 9846, 8288, 9918, 10969, 10376, 10586, 10111, 8779, 9494, 9980, 7967, 9913, 10707, 8820, 7963, 9410, 10129, 8171, 8250, 8495, 9577, 10776, 8210, 9798, 9961, 8166, 8696, 8869, 8356, 10546, 8661, 9535, 10513, 9120, 9672, 8718, 9876, 10732, 7853, 8388, 10841, 7928, 9636, 9621, 9990, 8008, 8978, 8916, 8671, 9413, 10954, 7941, 8634, 10110, 8767, 10314, 10622, 9387, 9426, 9879, 9532, 9233, 9880, 10987, 10861, 10433, 8840, 7931, 8771, 8679, 10151, 10170, 8740, 9228, 10760, 8954, 9575, 9035, 9068, 10423, 8823, 10544, 9683, 9656, 9987, 8913, 10823, 9164, 9611, 9917, 9378, 8256, 10171, 9443, 9094, 8785, 10599, 9696, 10929, 9316, 8170, 9129, 9699, 10586, 9639, 10640, 8620, 9775, 9037, 10244, 10977, 9235, 8433, 10012, 9163, 9319, 8522, 9764, 8577, 8953, 8359, 7993, 9371, 9216, 9903, 9869, 8193, 10603, 10837, 7990, 10166, 10295, 9871, 10376, 8163, 9115, 8891, 9179, 9273, 10169, 9108, 10106, 8933, 9917, 8022, 10013, 9746, 9523, 10137, 10683, 10801, 10920, 8045, 10998, 7800, 8373, 8538, 8335, 10919, 9607, 8922, 9514, 9405, 8419, 10278, 10894, 8830, 9559, 8804, 10992, 8889, 10322, 8315, 9589, 10496, 9869, 8443, 10229, 10239, 9907, 9770, 8783, 8122, 8473, 10210, 10325, 10833, 7912, 10738, 8760, 10925, 9876, 8351, 10876, 8739, 10476, 10349, 10997, 8645, 10723, 8542, 9427, 8210, 8283, 9940, 10252, 10858, 8690, 8275, 10650, 8119, 9858, 9503, 9270, 9850, 9448, 10349, 7882, 9347, 9128, 10293, 10272, 8571, 7956, 8547, 7850, 9373, 8883, 10399, 8825, 10892, 9970, 9660, 10605, 7846, 9208, 9068, 10142, 9604, 10577, 9929, 10578, 7958, 10289, 8836, 10694, 10854, 10853, 8049, 7878, 9922, 10785, 10305, 10621, 8437, 10760, 10451, 8399, 9592, 8704, 10940, 10848, 7898, 10679, 9260, 10582, 9728, 10532, 8314, 10127, 9009, 9620, 8507, 10034, 9569, 8550, 9978, 10395, 8146, 7994, 9388, 9046, 8282, 10631, 9716, 8049, 8810, 10376, 10832, 8092, 9003, 10074, 9575, 8994, 8313, 10100, 9098, 9073, 8729, 7805, 10500, 9311, 10043, 9331, 9870, 8536, 10959, 10556, 8129, 10308, 8048, 8146, 8868, 9149, 8868, 9062, 7934, 8041, 10567, 9292, 8804, 9098, 8535, 10542, 7986, 8794, 10267, 7922, 10148, 8461, 8533, 8907, 10821, 10401, 8688, 9426, 10651, 9028, 9591, 8567, 9757, 10443, 9057, 9733, 10941, 9918, 8936, 10658, 8610, 9378, 7971, 7847, 9716, 10978, 7933, 8223, 10251, 8583, 10281, 10996, 10831, 10266, 10461, 9179, 8691, 10342, 9650, 8370, 10646, 7804, 9647, 9753, 8403, 10175, 10430, 8279, 8004, 9073, 10455, 8744, 10832, 10743, 10909, 10423, 10452, 8790, 9283, 9970, 10088, 10321, 9439, 8825, 9191, 10045, 10971, 8011, 10289, 8473, 8151, 10675, 10441, 10552, 8262, 9071, 9194, 10945, 8389, 9820, 8446, 9969, 10360, 10860, 8854, 10247, 9971]

