Test case: kplib-master/11ProfitCeiling/n00050/R10000/s003.kp
Run time: 0.09701323509216309 seconds
Total value = 132021
Total weight = 132031
Packed items: [4, 6, 10, 13, 14, 16, 18, 19, 24, 26, 27, 28, 31, 33, 37, 40, 41, 42, 44, 46, 48, 49]
Packed_weights: [6258, 132, 9957, 4764, 6391, 6349, 5232, 7413, 3013, 8656, 4728, 7189, 9211, 8010, 975, 9655, 4362, 6267, 5073, 3510, 5843, 9043]

Test case: kplib-master/11ProfitCeiling/n00100/R10000/s004.kp
Run time: 0.687748908996582 seconds
Total value = 238599
Total weight = 238613
Packed items: [0, 1, 4, 6, 9, 10, 13, 14, 16, 17, 18, 19, 20, 21, 23, 27, 31, 32, 33, 35, 37, 38, 39, 41, 43, 44, 49, 50, 52, 53, 54, 55, 56, 58, 61, 62, 63, 64, 67, 72, 73, 74, 75, 76, 83, 91, 93]
Packed_weights: [2361, 1032, 666, 9180, 2220, 5367, 1062, 2145, 8290, 8067, 8005, 1935, 3099, 6270, 8547, 6718, 894, 9346, 8655, 3003, 5724, 8824, 8481, 4140, 4311, 1614, 6264, 2805, 4713, 3429, 9973, 1956, 4128, 6327, 7470, 3207, 5586, 9044, 2289, 1776, 4591, 429, 6973, 8960, 7753, 1365, 9619]

Test case: kplib-master/11ProfitCeiling/n00200/R01000/s028.kp
Run time: 0.0 seconds
Total value = 45834
Total weight = 45854
Packed items: [5, 9, 10, 13, 15, 16, 17, 20, 21, 22, 26, 28, 29, 30, 32, 33, 36, 37, 38, 40, 42, 43, 44, 46, 49, 54, 57, 58, 59, 61, 67, 72, 74, 81, 82, 83, 87, 88, 89, 94, 95, 96, 100, 101, 106, 107, 109, 113, 115, 119, 125, 126, 128, 130, 133, 134, 137, 140, 143, 145, 146, 149, 152, 160, 161, 162, 163, 165, 166, 171, 172, 178, 182, 184, 185, 187, 188, 192, 193, 194, 199]
Packed_weights: [465, 843, 132, 240, 985, 315, 990, 507, 691, 663, 132, 772, 634, 261, 910, 279, 168, 369, 33, 807, 378, 258, 954, 663, 768, 198, 675, 762, 399, 861, 672, 964, 408, 985, 366, 360, 132, 673, 297, 195, 805, 888, 901, 979, 330, 790, 576, 891, 645, 850, 828, 627, 751, 477, 72, 877, 813, 393, 789, 351, 576, 999, 63, 946, 222, 360, 585, 39, 831, 372, 150, 661, 952, 880, 495, 978, 36, 252, 660, 838, 162]

Test case: kplib-master/11ProfitCeiling/n00500/R10000/s048.kp
Run time: 178.92635202407837 seconds
Total value = 1312527
Total weight = 1312573
Packed items: [2, 4, 6, 8, 9, 12, 16, 18, 19, 25, 29, 30, 33, 36, 44, 45, 46, 51, 52, 53, 55, 56, 60, 62, 63, 64, 69, 74, 75, 76, 79, 80, 81, 84, 85, 86, 88, 89, 91, 92, 94, 98, 100, 106, 115, 117, 118, 120, 123, 126, 131, 132, 134, 138, 142, 148, 149, 151, 154, 156, 157, 158, 159, 160, 161, 163, 164, 167, 169, 172, 174, 175, 179, 180, 181, 182, 185, 186, 188, 191, 198, 199, 201, 202, 203, 205, 207, 208, 209, 212, 214, 216, 219, 220, 222, 223, 225, 226, 227, 230, 231, 233, 234, 235, 236, 237, 238, 239, 241, 242, 245, 250, 255, 258, 260, 261, 262, 265, 269, 279, 282, 283, 284, 287, 292, 295, 297, 298, 301, 302, 303, 304, 305, 309, 310, 311, 312, 315, 316, 318, 322, 323, 326, 327, 330, 333, 334, 335, 337, 338, 344, 347, 349, 350, 354, 357, 359, 362, 363, 367, 369, 374, 380, 381, 389, 392, 394, 395, 396, 398, 399, 402, 404, 405, 407, 408, 412, 413, 417, 418, 419, 426, 431, 433, 439, 440, 441, 445, 447, 452, 457, 458, 460, 461, 462, 463, 465, 468, 471, 473, 475, 477, 478, 483, 484, 485, 488, 489, 490, 493, 495, 499]
Packed_weights: [7116, 9384, 7620, 9661, 8737, 2181, 2172, 636, 4989, 3378, 9358, 5712, 6528, 8152, 1152, 1470, 3300, 7816, 4224, 8865, 5823, 6837, 7662, 5643, 7155, 8289, 8268, 9792, 3918, 4296, 9034, 5295, 414, 30, 6429, 3678, 8076, 6009, 8406, 966, 5847, 8574, 6036, 2721, 7686, 699, 8730, 9282, 3219, 9675, 8212, 111, 6168, 960, 6777, 150, 4572, 3102, 9813, 9151, 375, 5346, 8892, 6162, 2157, 5493, 5253, 7893, 9708, 1053, 651, 7749, 7179, 1677, 8358, 9664, 7638, 8682, 8784, 8406, 3354, 7981, 2079, 6156, 7675, 7983, 7485, 1758, 9541, 8163, 7854, 8869, 8092, 8035, 804, 4059, 9889, 624, 8407, 1773, 8281, 8581, 6798, 6546, 7887, 8800, 8458, 705, 5469, 24, 4149, 2871, 5979, 9136, 6009, 9519, 6171, 3720, 6717, 8059, 8701, 3708, 834, 1002, 9613, 684, 5073, 9219, 9118, 8781, 4086, 6105, 9633, 7831, 9529, 72, 4449, 9726, 9957, 6411, 4710, 8803, 9316, 9552, 1293, 8788, 1182, 8844, 8064, 6222, 9144, 9376, 8577, 9187, 8877, 4839, 237, 7986, 4386, 7371, 9847, 5589, 9744, 6483, 3513, 8581, 3957, 3849, 7146, 9730, 2640, 9939, 9324, 6264, 3984, 6582, 7425, 4566, 9388, 9724, 5638, 7963, 7960, 2271, 516, 6708, 2493, 972, 9702, 7650, 8227, 9934, 9940, 7839, 8340, 8307, 8013, 4464, 4809, 4104, 4857, 4977, 6069, 7584, 7981, 8395, 7092, 8775, 8922, 5355, 4746, 6873]

Test case: kplib-master/11ProfitCeiling/n01000/R01000/s027.kp
Run time: 180.03009033203125 seconds
Total value = 259026
Total weight = 259127
Packed items: [1, 2, 4, 5, 10, 11, 12, 13, 14, 17, 18, 20, 22, 27, 28, 29, 30, 32, 33, 36, 37, 38, 42, 44, 49, 50, 59, 62, 66, 68, 69, 73, 75, 76, 77, 81, 82, 83, 86, 90, 92, 94, 95, 96, 97, 99, 102, 104, 106, 109, 113, 114, 115, 117, 118, 121, 125, 126, 132, 133, 135, 137, 138, 141, 144, 145, 150, 153, 154, 156, 157, 158, 159, 160, 163, 165, 166, 168, 169, 173, 175, 177, 179, 185, 186, 187, 188, 189, 190, 192, 193, 196, 198, 200, 202, 204, 205, 206, 207, 209, 210, 211, 213, 214, 220, 222, 224, 225, 226, 228, 229, 235, 236, 239, 240, 242, 243, 244, 245, 254, 255, 256, 259, 263, 264, 268, 273, 274, 280, 286, 288, 289, 290, 293, 294, 295, 297, 298, 300, 304, 305, 306, 308, 309, 313, 318, 319, 320, 324, 327, 329, 330, 337, 338, 339, 340, 346, 347, 350, 353, 357, 360, 362, 365, 366, 367, 368, 370, 374, 376, 381, 383, 385, 387, 388, 390, 391, 393, 394, 395, 398, 399, 400, 407, 408, 409, 411, 412, 413, 416, 418, 419, 422, 423, 425, 432, 434, 439, 442, 453, 456, 459, 462, 463, 466, 467, 474, 475, 476, 478, 479, 480, 481, 484, 485, 489, 490, 492, 494, 495, 496, 500, 503, 504, 507, 509, 513, 514, 516, 518, 520, 521, 525, 526, 527, 529, 530, 534, 536, 537, 539, 540, 541, 544, 545, 547, 551, 553, 555, 567, 569, 570, 576, 590, 593, 594, 603, 606, 607, 608, 609, 610, 615, 618, 620, 621, 624, 626, 627, 628, 632, 634, 640, 641, 642, 645, 646, 649, 652, 654, 655, 657, 659, 660, 663, 667, 669, 670, 672, 673, 674, 675, 676, 679, 681, 682, 684, 685, 689, 690, 692, 694, 695, 696, 697, 698, 701, 702, 706, 707, 708, 710, 711, 716, 720, 721, 722, 726, 727, 729, 731, 732, 734, 736, 737, 738, 739, 741, 742, 743, 746, 751, 754, 759, 763, 764, 765, 766, 767, 772, 773, 775, 781, 786, 792, 794, 797, 804, 807, 809, 815, 817, 818, 819, 821, 823, 826, 828, 829, 832, 834, 835, 836, 837, 838, 839, 840, 841, 844, 845, 849, 850, 851, 852, 854, 856, 857, 861, 862, 865, 866, 867, 871, 873, 875, 881, 882, 885, 886, 887, 888, 892, 893, 895, 896, 898, 900, 901, 903, 905, 906, 912, 913, 914, 920, 928, 932, 934, 938, 939, 942, 944, 947, 949, 950, 954, 956, 960, 961, 962, 965, 967, 974, 975, 977, 981, 983, 986, 993, 998]
Packed_weights: [702, 958, 66, 825, 910, 492, 72, 918, 573, 775, 741, 993, 975, 651, 705, 525, 99, 303, 750, 531, 171, 708, 969, 780, 438, 816, 765, 339, 255, 690, 300, 907, 774, 555, 895, 798, 297, 615, 411, 844, 621, 192, 838, 330, 384, 345, 852, 138, 825, 856, 468, 832, 438, 204, 817, 996, 609, 609, 87, 921, 546, 21, 942, 522, 222, 931, 366, 696, 162, 522, 727, 909, 963, 471, 583, 48, 796, 832, 981, 135, 850, 702, 964, 744, 943, 799, 189, 798, 222, 615, 984, 309, 165, 267, 834, 462, 42, 57, 849, 930, 111, 778, 790, 567, 645, 966, 775, 960, 540, 639, 111, 732, 426, 282, 96, 612, 886, 177, 561, 969, 739, 201, 411, 985, 393, 342, 687, 781, 390, 495, 916, 558, 969, 255, 714, 921, 672, 816, 123, 564, 324, 327, 729, 12, 423, 972, 982, 862, 826, 895, 757, 976, 720, 270, 982, 928, 988, 96, 624, 835, 930, 309, 636, 678, 856, 36, 510, 769, 783, 772, 543, 546, 684, 798, 678, 879, 663, 249, 856, 954, 585, 733, 534, 942, 921, 243, 885, 856, 210, 990, 811, 748, 444, 963, 423, 960, 705, 754, 288, 804, 796, 960, 768, 867, 777, 150, 186, 207, 564, 162, 105, 895, 540, 285, 942, 801, 384, 366, 916, 627, 960, 829, 858, 132, 991, 747, 916, 783, 828, 972, 504, 240, 955, 249, 922, 837, 955, 813, 132, 120, 778, 915, 159, 867, 12, 306, 967, 894, 111, 633, 540, 165, 18, 33, 462, 897, 919, 408, 792, 423, 627, 555, 228, 207, 822, 75, 867, 736, 525, 429, 600, 769, 958, 216, 315, 492, 990, 778, 900, 444, 816, 453, 736, 420, 987, 814, 456, 759, 33, 822, 129, 561, 456, 924, 961, 27, 249, 736, 867, 886, 778, 576, 231, 760, 513, 498, 84, 867, 6, 937, 3, 757, 360, 165, 306, 879, 672, 1000, 327, 222, 789, 912, 768, 102, 393, 961, 681, 801, 681, 901, 510, 748, 756, 39, 276, 312, 919, 648, 825, 741, 955, 829, 132, 910, 952, 760, 757, 228, 351, 555, 802, 249, 624, 666, 871, 192, 846, 930, 603, 423, 969, 738, 846, 459, 735, 991, 690, 162, 931, 69, 612, 903, 748, 90, 811, 294, 783, 966, 186, 853, 940, 411, 913, 135, 348, 618, 303, 126, 54, 865, 453, 874, 54, 877, 81, 717, 888, 294, 108, 957, 237, 606, 841, 891, 414, 15, 772, 928, 393, 796, 897, 471, 801, 321, 312, 573, 996, 801, 303, 834, 576, 615, 33, 990, 763, 813, 937, 438, 952, 288]

Test case: kplib-master/11ProfitCeiling/n02000/R01000/s051.kp
Run time: 180.01481318473816 seconds
Total value = 498192
Total weight = 498374
Packed items: [2, 3, 6, 9, 10, 14, 16, 17, 25, 26, 27, 31, 32, 33, 34, 35, 37, 40, 41, 43, 45, 46, 58, 59, 62, 64, 66, 67, 73, 74, 75, 76, 79, 80, 81, 85, 89, 91, 94, 96, 98, 99, 100, 101, 102, 105, 106, 111, 112, 113, 115, 119, 126, 128, 129, 131, 132, 136, 137, 139, 143, 145, 147, 148, 149, 155, 158, 160, 161, 164, 170, 171, 172, 174, 176, 178, 179, 181, 182, 183, 184, 185, 186, 192, 194, 196, 200, 203, 205, 210, 212, 216, 219, 222, 226, 227, 231, 236, 237, 239, 240, 245, 246, 247, 248, 249, 250, 251, 252, 255, 258, 259, 261, 263, 264, 266, 271, 273, 274, 276, 280, 281, 282, 284, 285, 286, 287, 289, 290, 293, 294, 295, 298, 302, 305, 308, 312, 318, 321, 322, 323, 325, 328, 334, 336, 338, 343, 345, 346, 347, 348, 350, 351, 353, 355, 357, 358, 359, 372, 373, 374, 377, 379, 380, 382, 384, 385, 387, 388, 390, 392, 393, 395, 399, 404, 408, 412, 413, 414, 417, 419, 430, 434, 435, 440, 441, 443, 445, 449, 454, 455, 458, 460, 461, 465, 467, 468, 471, 472, 474, 475, 477, 478, 483, 484, 486, 488, 490, 492, 495, 496, 499, 503, 505, 507, 508, 509, 512, 519, 522, 523, 524, 525, 526, 529, 536, 537, 544, 545, 546, 555, 561, 562, 564, 565, 566, 567, 569, 570, 578, 579, 580, 582, 585, 587, 589, 590, 595, 597, 598, 599, 606, 608, 610, 613, 617, 618, 619, 620, 626, 628, 632, 635, 639, 640, 642, 644, 647, 648, 649, 657, 659, 660, 662, 664, 666, 667, 668, 669, 678, 680, 682, 684, 685, 686, 688, 689, 692, 693, 695, 701, 702, 703, 704, 705, 706, 707, 708, 709, 711, 713, 714, 718, 720, 728, 729, 730, 733, 734, 750, 758, 762, 763, 767, 768, 771, 772, 781, 782, 785, 791, 794, 796, 797, 800, 801, 804, 805, 807, 808, 810, 811, 812, 816, 817, 819, 821, 826, 828, 830, 832, 833, 836, 838, 839, 841, 844, 845, 847, 848, 851, 852, 855, 856, 857, 858, 863, 866, 870, 871, 878, 879, 880, 882, 884, 886, 888, 889, 891, 893, 904, 907, 909, 911, 913, 914, 917, 919, 920, 922, 923, 926, 929, 931, 932, 934, 936, 937, 938, 942, 943, 944, 946, 947, 950, 954, 958, 959, 962, 963, 965, 966, 967, 973, 977, 979, 981, 982, 984, 990, 991, 993, 998, 1000, 1003, 1008, 1015, 1016, 1019, 1023, 1026, 1027, 1031, 1032, 1034, 1037, 1040, 1043, 1044, 1048, 1049, 1051, 1054, 1057, 1060, 1063, 1064, 1066, 1067, 1068, 1072, 1074, 1076, 1077, 1079, 1082, 1084, 1085, 1087, 1088, 1090, 1091, 1093, 1099, 1100, 1103, 1104, 1107, 1108, 1110, 1111, 1112, 1115, 1116, 1118, 1119, 1120, 1123, 1125, 1126, 1129, 1130, 1131, 1133, 1135, 1138, 1139, 1141, 1143, 1145, 1146, 1151, 1152, 1153, 1155, 1157, 1158, 1159, 1160, 1164, 1165, 1166, 1168, 1171, 1172, 1175, 1179, 1180, 1182, 1188, 1192, 1193, 1194, 1197, 1200, 1201, 1204, 1206, 1207, 1208, 1210, 1211, 1212, 1213, 1215, 1217, 1219, 1222, 1223, 1225, 1230, 1231, 1232, 1234, 1235, 1238, 1240, 1244, 1246, 1252, 1254, 1256, 1261, 1264, 1267, 1268, 1269, 1274, 1275, 1277, 1279, 1280, 1283, 1284, 1285, 1288, 1290, 1298, 1299, 1306, 1307, 1310, 1314, 1319, 1323, 1324, 1325, 1329, 1330, 1331, 1334, 1337, 1338, 1339, 1340, 1341, 1342, 1346, 1347, 1352, 1356, 1360, 1362, 1363, 1366, 1369, 1371, 1372, 1373, 1375, 1379, 1382, 1385, 1386, 1389, 1390, 1397, 1398, 1400, 1403, 1404, 1406, 1407, 1410, 1411, 1412, 1414, 1416, 1419, 1424, 1427, 1432, 1433, 1434, 1438, 1446, 1448, 1450, 1453, 1458, 1459, 1460, 1464, 1465, 1467, 1469, 1471, 1472, 1473, 1478, 1480, 1482, 1483, 1484, 1487, 1490, 1494, 1498, 1499, 1500, 1505, 1507, 1509, 1510, 1512, 1513, 1519, 1520, 1521, 1524, 1530, 1531, 1534, 1535, 1536, 1540, 1541, 1542, 1543, 1545, 1552, 1553, 1555, 1559, 1560, 1561, 1564, 1566, 1567, 1571, 1574, 1576, 1578, 1579, 1581, 1582, 1584, 1585, 1587, 1588, 1589, 1592, 1595, 1598, 1600, 1601, 1605, 1607, 1609, 1610, 1612, 1613, 1618, 1621, 1625, 1626, 1627, 1629, 1631, 1633, 1634, 1635, 1636, 1637, 1639, 1640, 1642, 1643, 1644, 1645, 1646, 1650, 1652, 1653, 1655, 1658, 1659, 1660, 1663, 1665, 1668, 1672, 1673, 1676, 1677, 1678, 1679, 1680, 1682, 1689, 1691, 1693, 1695, 1698, 1699, 1706, 1707, 1712, 1716, 1718, 1721, 1725, 1727, 1729, 1730, 1731, 1739, 1746, 1747, 1748, 1753, 1757, 1758, 1759, 1760, 1761, 1762, 1765, 1766, 1767, 1768, 1775, 1777, 1779, 1783, 1785, 1786, 1787, 1788, 1789, 1792, 1793, 1795, 1797, 1800, 1801, 1803, 1804, 1805, 1806, 1810, 1811, 1813, 1820, 1821, 1825, 1826, 1829, 1831, 1832, 1833, 1834, 1836, 1837, 1838, 1841, 1843, 1844, 1845, 1850, 1851, 1854, 1856, 1857, 1860, 1862, 1864, 1866, 1870, 1871, 1879, 1881, 1884, 1889, 1890, 1891, 1892, 1895, 1897, 1898, 1899, 1907, 1910, 1911, 1914, 1916, 1919, 1921, 1923, 1924, 1927, 1930, 1932, 1933, 1936, 1937, 1939, 1941, 1942, 1946, 1949, 1951, 1952, 1953, 1958, 1965, 1966, 1975, 1979, 1983, 1986, 1987, 1990, 1991, 1993, 1994, 1995, 1999]
Packed_weights: [162, 822, 927, 732, 549, 997, 984, 853, 786, 927, 763, 838, 471, 907, 987, 825, 820, 987, 465, 435, 201, 961, 786, 997, 540, 814, 831, 840, 561, 858, 225, 729, 979, 54, 465, 552, 147, 423, 465, 12, 678, 726, 558, 501, 960, 669, 729, 783, 988, 777, 858, 654, 6, 868, 216, 54, 766, 931, 756, 954, 784, 825, 739, 927, 591, 108, 927, 615, 769, 582, 942, 847, 459, 984, 507, 856, 657, 513, 979, 820, 357, 795, 948, 805, 225, 816, 528, 832, 84, 186, 780, 558, 504, 63, 60, 534, 921, 489, 892, 681, 27, 669, 753, 760, 748, 300, 612, 501, 759, 717, 769, 777, 462, 231, 766, 165, 934, 841, 991, 198, 354, 732, 30, 222, 171, 750, 876, 477, 9, 693, 837, 843, 231, 471, 925, 273, 282, 18, 210, 408, 645, 219, 561, 66, 492, 732, 912, 879, 1000, 453, 748, 141, 693, 540, 243, 745, 762, 765, 919, 877, 198, 228, 153, 817, 972, 759, 933, 231, 408, 162, 774, 327, 102, 969, 871, 808, 954, 192, 927, 228, 480, 744, 873, 826, 913, 792, 900, 294, 846, 732, 84, 760, 288, 327, 519, 402, 285, 732, 75, 621, 910, 783, 871, 474, 321, 393, 825, 102, 864, 880, 835, 591, 117, 889, 306, 699, 288, 576, 975, 961, 90, 768, 732, 916, 375, 390, 820, 988, 564, 666, 69, 999, 780, 850, 778, 984, 435, 498, 654, 909, 898, 756, 228, 462, 174, 411, 513, 255, 765, 799, 738, 411, 351, 546, 177, 213, 498, 900, 471, 759, 711, 982, 996, 480, 790, 807, 156, 381, 877, 838, 444, 588, 444, 486, 910, 189, 954, 573, 132, 186, 348, 489, 627, 937, 615, 504, 537, 471, 993, 663, 441, 219, 555, 432, 219, 744, 966, 282, 528, 916, 18, 904, 327, 567, 810, 150, 880, 627, 900, 988, 934, 609, 42, 852, 198, 129, 811, 756, 948, 811, 117, 366, 375, 796, 423, 832, 222, 567, 264, 726, 180, 81, 225, 654, 693, 207, 924, 987, 558, 846, 906, 519, 471, 763, 309, 817, 396, 255, 933, 825, 507, 975, 982, 822, 465, 603, 240, 534, 96, 772, 465, 471, 6, 891, 252, 871, 372, 333, 381, 138, 781, 976, 414, 787, 363, 883, 36, 324, 483, 240, 864, 195, 984, 42, 21, 741, 726, 564, 444, 768, 937, 726, 531, 474, 93, 792, 105, 954, 763, 513, 991, 96, 660, 823, 877, 760, 435, 850, 354, 432, 672, 880, 723, 805, 949, 459, 864, 819, 129, 291, 510, 96, 660, 895, 258, 147, 714, 870, 492, 561, 822, 129, 762, 648, 564, 600, 555, 958, 465, 756, 597, 1000, 759, 30, 702, 381, 642, 817, 465, 408, 805, 832, 354, 954, 51, 174, 931, 477, 876, 591, 828, 27, 234, 207, 847, 471, 790, 363, 832, 357, 453, 336, 117, 576, 744, 168, 228, 192, 366, 822, 907, 339, 924, 432, 360, 847, 846, 39, 603, 880, 138, 333, 138, 729, 237, 993, 312, 159, 615, 141, 84, 144, 738, 865, 916, 742, 495, 804, 808, 972, 159, 411, 291, 228, 757, 195, 952, 132, 786, 895, 15, 975, 954, 429, 957, 781, 799, 642, 291, 834, 738, 81, 477, 838, 258, 423, 988, 636, 594, 828, 790, 988, 996, 940, 966, 828, 777, 969, 856, 891, 315, 780, 972, 850, 156, 936, 975, 426, 717, 916, 426, 952, 748, 855, 564, 834, 435, 696, 862, 201, 799, 312, 18, 751, 931, 624, 234, 624, 309, 681, 381, 811, 168, 786, 835, 654, 372, 913, 561, 853, 744, 237, 751, 772, 672, 819, 150, 375, 333, 72, 742, 690, 225, 210, 69, 126, 72, 192, 924, 766, 799, 970, 39, 405, 195, 930, 996, 528, 510, 654, 135, 477, 549, 849, 837, 450, 808, 315, 741, 123, 906, 27, 288, 435, 903, 859, 925, 714, 889, 231, 853, 789, 790, 297, 753, 976, 540, 372, 312, 36, 745, 312, 954, 414, 492, 606, 105, 561, 492, 738, 222, 834, 111, 579, 789, 976, 831, 207, 687, 774, 600, 900, 741, 985, 546, 900, 246, 660, 225, 919, 894, 672, 165, 873, 267, 880, 219, 690, 318, 912, 726, 639, 726, 387, 330, 859, 90, 855, 564, 147, 501, 54, 30, 504, 249, 933, 717, 868, 24, 552, 931, 819, 909, 264, 102, 252, 714, 892, 357, 342, 243, 979, 895, 480, 958, 967, 93, 432, 781, 757, 318, 855, 754, 213, 3, 333, 51, 967, 1000, 48, 123, 3, 387, 717, 543, 150, 471, 519, 507, 993, 969, 441, 318, 399, 763, 45, 951, 54, 561, 651, 510, 642, 216, 45, 201, 829, 750, 774, 930, 765, 444, 261, 603, 816, 868, 876, 9, 939, 853, 189, 861, 510, 853, 759, 21, 940, 787, 573, 988, 915, 955, 853, 927, 522, 183, 775, 627, 754, 705, 769, 829, 453, 775, 375, 981, 171, 462, 549, 588, 258, 814, 396, 765, 951, 849, 234, 861, 747, 630, 306, 912, 828, 603, 561, 850, 522, 786, 990, 862, 924, 909, 928, 868, 816, 999, 597, 309, 837, 936, 291, 612, 333, 964, 510, 453, 399, 273, 96]

Test case: kplib-master/11ProfitCeiling/n05000/R01000/s051.kp
Run time: 180.0064835548401 seconds
Total value = 1250013
Total weight = 1250449
Packed items: [2, 3, 6, 9, 10, 14, 16, 17, 25, 26, 27, 31, 32, 33, 34, 35, 37, 40, 41, 43, 45, 46, 58, 59, 62, 64, 66, 67, 73, 74, 75, 76, 79, 80, 81, 85, 89, 91, 94, 96, 98, 99, 100, 101, 102, 105, 106, 111, 112, 113, 115, 119, 126, 128, 129, 131, 132, 136, 137, 139, 143, 145, 148, 149, 155, 158, 160, 161, 164, 170, 171, 172, 174, 176, 178, 179, 181, 182, 183, 184, 185, 186, 192, 194, 196, 200, 203, 205, 210, 212, 216, 219, 222, 226, 227, 231, 236, 237, 239, 240, 245, 246, 247, 248, 249, 250, 251, 252, 255, 258, 259, 261, 263, 264, 266, 271, 273, 274, 276, 280, 281, 282, 284, 285, 286, 287, 289, 290, 293, 294, 295, 298, 302, 305, 308, 312, 318, 321, 322, 323, 325, 328, 334, 336, 338, 343, 345, 346, 347, 348, 350, 351, 353, 355, 357, 358, 359, 372, 373, 374, 377, 379, 380, 382, 384, 385, 387, 388, 390, 392, 393, 395, 399, 404, 408, 412, 413, 414, 417, 419, 430, 434, 435, 440, 441, 443, 445, 449, 454, 455, 458, 460, 461, 465, 467, 468, 471, 472, 474, 475, 477, 478, 483, 484, 486, 488, 490, 492, 495, 496, 499, 503, 505, 507, 508, 509, 512, 519, 522, 523, 524, 525, 526, 529, 536, 537, 544, 545, 546, 555, 561, 562, 564, 565, 566, 567, 569, 570, 578, 579, 580, 582, 585, 587, 589, 590, 595, 597, 598, 599, 606, 608, 610, 613, 617, 618, 619, 620, 626, 628, 632, 635, 639, 640, 642, 644, 647, 648, 649, 657, 659, 660, 662, 664, 666, 667, 668, 669, 678, 680, 682, 684, 685, 686, 688, 689, 692, 693, 695, 701, 702, 703, 704, 705, 706, 707, 708, 709, 711, 713, 714, 718, 720, 728, 729, 730, 733, 734, 750, 758, 762, 763, 767, 768, 771, 772, 781, 782, 785, 791, 794, 796, 797, 800, 801, 804, 805, 807, 808, 810, 811, 812, 816, 817, 819, 821, 826, 828, 830, 832, 833, 836, 838, 839, 841, 844, 845, 847, 848, 851, 852, 855, 856, 857, 858, 863, 866, 870, 871, 878, 879, 880, 882, 884, 886, 888, 889, 891, 893, 904, 907, 909, 911, 913, 914, 917, 919, 920, 922, 923, 926, 929, 931, 932, 934, 936, 937, 938, 942, 943, 944, 946, 947, 950, 954, 958, 959, 962, 963, 965, 966, 967, 973, 977, 979, 981, 982, 984, 990, 991, 993, 998, 1000, 1003, 1006, 1008, 1015, 1016, 1019, 1023, 1026, 1027, 1031, 1032, 1034, 1037, 1040, 1043, 1044, 1048, 1049, 1051, 1054, 1057, 1060, 1063, 1064, 1066, 1067, 1068, 1072, 1076, 1077, 1079, 1082, 1084, 1085, 1087, 1088, 1090, 1091, 1093, 1099, 1100, 1103, 1104, 1107, 1108, 1110, 1111, 1112, 1115, 1116, 1118, 1119, 1120, 1123, 1125, 1126, 1129, 1130, 1131, 1133, 1135, 1138, 1139, 1141, 1143, 1145, 1146, 1151, 1152, 1153, 1155, 1157, 1158, 1159, 1160, 1164, 1165, 1166, 1168, 1171, 1172, 1175, 1179, 1180, 1182, 1188, 1192, 1193, 1194, 1197, 1200, 1204, 1206, 1207, 1208, 1210, 1211, 1212, 1213, 1215, 1217, 1219, 1222, 1223, 1225, 1230, 1231, 1232, 1234, 1235, 1238, 1240, 1244, 1246, 1252, 1254, 1256, 1261, 1264, 1267, 1268, 1269, 1274, 1275, 1277, 1279, 1280, 1283, 1284, 1285, 1288, 1290, 1298, 1299, 1306, 1307, 1310, 1314, 1319, 1323, 1324, 1325, 1329, 1330, 1331, 1334, 1337, 1338, 1339, 1340, 1341, 1342, 1346, 1347, 1352, 1356, 1360, 1362, 1363, 1366, 1369, 1371, 1372, 1373, 1375, 1379, 1382, 1385, 1386, 1389, 1390, 1397, 1398, 1400, 1403, 1404, 1406, 1407, 1410, 1411, 1412, 1414, 1416, 1419, 1424, 1432, 1433, 1434, 1438, 1446, 1448, 1450, 1453, 1458, 1459, 1460, 1464, 1465, 1467, 1469, 1471, 1472, 1473, 1478, 1480, 1482, 1483, 1484, 1487, 1490, 1494, 1498, 1499, 1500, 1505, 1507, 1509, 1510, 1512, 1513, 1519, 1520, 1521, 1524, 1530, 1531, 1534, 1535, 1536, 1540, 1541, 1542, 1543, 1545, 1553, 1555, 1559, 1560, 1561, 1564, 1566, 1567, 1571, 1574, 1576, 1578, 1579, 1581, 1582, 1584, 1585, 1587, 1588, 1589, 1592, 1595, 1598, 1600, 1601, 1605, 1607, 1609, 1610, 1612, 1613, 1618, 1621, 1625, 1626, 1627, 1629, 1631, 1633, 1634, 1635, 1636, 1637, 1639, 1640, 1642, 1643, 1644, 1645, 1646, 1650, 1652, 1653, 1655, 1658, 1659, 1660, 1663, 1665, 1668, 1672, 1673, 1676, 1677, 1678, 1679, 1680, 1682, 1689, 1691, 1693, 1695, 1698, 1699, 1706, 1707, 1712, 1716, 1718, 1721, 1725, 1727, 1729, 1730, 1731, 1739, 1746, 1747, 1748, 1753, 1757, 1758, 1759, 1760, 1761, 1762, 1765, 1766, 1767, 1768, 1775, 1777, 1779, 1783, 1785, 1786, 1787, 1788, 1789, 1792, 1793, 1795, 1797, 1800, 1801, 1803, 1804, 1805, 1806, 1810, 1811, 1813, 1820, 1821, 1825, 1826, 1829, 1831, 1832, 1833, 1834, 1836, 1837, 1838, 1841, 1843, 1844, 1845, 1850, 1851, 1854, 1856, 1857, 1860, 1862, 1864, 1866, 1870, 1871, 1879, 1881, 1884, 1889, 1890, 1891, 1892, 1895, 1897, 1898, 1899, 1907, 1910, 1911, 1914, 1916, 1919, 1921, 1923, 1924, 1927, 1930, 1932, 1933, 1936, 1937, 1939, 1941, 1942, 1946, 1949, 1951, 1952, 1953, 1958, 1962, 1965, 1966, 1975, 1979, 1983, 1986, 1987, 1990, 1991, 1993, 1994, 1995, 1999, 2000, 2003, 2006, 2007, 2009, 2012, 2016, 2018, 2023, 2028, 2030, 2032, 2034, 2038, 2042, 2045, 2048, 2049, 2053, 2058, 2060, 2064, 2065, 2067, 2070, 2073, 2074, 2075, 2077, 2078, 2082, 2083, 2084, 2088, 2089, 2090, 2094, 2099, 2103, 2108, 2113, 2115, 2117, 2120, 2124, 2126, 2128, 2130, 2131, 2136, 2139, 2140, 2143, 2144, 2147, 2148, 2149, 2156, 2158, 2159, 2160, 2161, 2167, 2170, 2171, 2172, 2173, 2178, 2179, 2180, 2182, 2186, 2193, 2195, 2197, 2202, 2203, 2204, 2207, 2214, 2216, 2217, 2219, 2220, 2221, 2223, 2224, 2226, 2227, 2228, 2233, 2235, 2237, 2239, 2240, 2241, 2244, 2249, 2251, 2256, 2259, 2261, 2262, 2263, 2266, 2267, 2268, 2272, 2273, 2278, 2279, 2280, 2282, 2283, 2284, 2285, 2286, 2287, 2289, 2290, 2291, 2292, 2294, 2296, 2298, 2302, 2303, 2306, 2308, 2311, 2313, 2315, 2316, 2318, 2319, 2320, 2322, 2324, 2325, 2329, 2331, 2334, 2335, 2339, 2340, 2342, 2345, 2351, 2358, 2360, 2361, 2363, 2364, 2367, 2368, 2369, 2370, 2371, 2372, 2373, 2374, 2375, 2376, 2379, 2381, 2382, 2384, 2385, 2387, 2389, 2392, 2395, 2396, 2400, 2404, 2405, 2406, 2408, 2410, 2412, 2413, 2418, 2421, 2424, 2426, 2428, 2430, 2431, 2432, 2433, 2435, 2436, 2437, 2440, 2443, 2449, 2451, 2453, 2456, 2457, 2458, 2459, 2463, 2467, 2470, 2472, 2473, 2478, 2483, 2485, 2488, 2489, 2491, 2493, 2497, 2499, 2500, 2503, 2504, 2510, 2512, 2513, 2515, 2519, 2520, 2521, 2523, 2529, 2534, 2536, 2539, 2540, 2548, 2550, 2556, 2557, 2558, 2559, 2560, 2561, 2562, 2563, 2564, 2565, 2568, 2570, 2575, 2580, 2581, 2582, 2585, 2588, 2593, 2599, 2600, 2601, 2602, 2603, 2604, 2606, 2607, 2608, 2617, 2618, 2622, 2623, 2624, 2627, 2629, 2633, 2636, 2639, 2640, 2645, 2647, 2648, 2654, 2656, 2663, 2664, 2665, 2667, 2670, 2676, 2679, 2681, 2685, 2688, 2691, 2692, 2696, 2697, 2698, 2699, 2701, 2702, 2706, 2708, 2712, 2717, 2720, 2725, 2726, 2732, 2735, 2737, 2738, 2739, 2740, 2741, 2743, 2745, 2747, 2753, 2755, 2756, 2757, 2758, 2760, 2761, 2763, 2765, 2766, 2767, 2768, 2772, 2776, 2779, 2780, 2781, 2782, 2783, 2785, 2787, 2788, 2791, 2792, 2794, 2796, 2797, 2798, 2799, 2801, 2802, 2803, 2804, 2805, 2806, 2807, 2810, 2811, 2812, 2818, 2822, 2824, 2828, 2829, 2832, 2833, 2835, 2836, 2837, 2838, 2839, 2840, 2841, 2842, 2843, 2844, 2845, 2846, 2849, 2852, 2854, 2855, 2859, 2861, 2862, 2863, 2864, 2866, 2867, 2869, 2870, 2874, 2875, 2876, 2878, 2879, 2883, 2886, 2887, 2888, 2891, 2894, 2895, 2896, 2899, 2900, 2902, 2905, 2910, 2913, 2914, 2915, 2916, 2917, 2918, 2921, 2922, 2923, 2926, 2928, 2930, 2932, 2934, 2937, 2939, 2941, 2943, 2945, 2949, 2951, 2952, 2953, 2954, 2956, 2960, 2965, 2967, 2968, 2973, 2974, 2977, 2979, 2981, 2983, 2987, 2988, 2989, 2990, 2991, 2993, 2996, 2997, 2998, 2999, 3000, 3004, 3006, 3007, 3008, 3010, 3012, 3014, 3015, 3016, 3017, 3019, 3023, 3025, 3030, 3031, 3033, 3035, 3036, 3037, 3038, 3039, 3040, 3041, 3042, 3046, 3047, 3050, 3053, 3059, 3062, 3067, 3070, 3072, 3074, 3081, 3084, 3085, 3087, 3093, 3095, 3096, 3097, 3099, 3101, 3102, 3103, 3106, 3107, 3108, 3109, 3111, 3112, 3113, 3115, 3117, 3120, 3121, 3122, 3124, 3126, 3127, 3131, 3133, 3135, 3141, 3148, 3154, 3156, 3157, 3159, 3161, 3162, 3163, 3164, 3166, 3168, 3169, 3172, 3173, 3176, 3177, 3178, 3179, 3180, 3182, 3183, 3188, 3191, 3192, 3193, 3195, 3196, 3201, 3205, 3208, 3209, 3211, 3215, 3216, 3220, 3221, 3223, 3225, 3227, 3230, 3234, 3236, 3237, 3238, 3239, 3240, 3241, 3242, 3248, 3251, 3252, 3254, 3255, 3257, 3258, 3260, 3261, 3262, 3268, 3270, 3272, 3273, 3276, 3278, 3282, 3283, 3285, 3287, 3288, 3291, 3301, 3305, 3309, 3310, 3311, 3313, 3315, 3323, 3328, 3331, 3332, 3337, 3339, 3340, 3342, 3344, 3345, 3346, 3347, 3351, 3353, 3356, 3358, 3359, 3362, 3367, 3369, 3374, 3375, 3379, 3382, 3390, 3391, 3392, 3394, 3396, 3398, 3401, 3402, 3409, 3412, 3417, 3418, 3419, 3421, 3424, 3426, 3427, 3429, 3431, 3432, 3433, 3434, 3435, 3437, 3439, 3447, 3452, 3454, 3455, 3458, 3459, 3460, 3461, 3463, 3464, 3467, 3468, 3473, 3477, 3479, 3481, 3483, 3484, 3491, 3492, 3493, 3500, 3503, 3505, 3508, 3511, 3514, 3517, 3519, 3520, 3528, 3530, 3531, 3534, 3535, 3536, 3542, 3548, 3549, 3550, 3551, 3554, 3555, 3556, 3557, 3559, 3560, 3564, 3565, 3566, 3570, 3571, 3572, 3574, 3575, 3577, 3578, 3579, 3580, 3583, 3586, 3591, 3594, 3596, 3597, 3603, 3604, 3605, 3611, 3612, 3616, 3618, 3619, 3621, 3629, 3630, 3632, 3633, 3636, 3637, 3638, 3640, 3641, 3642, 3650, 3657, 3660, 3661, 3664, 3669, 3670, 3673, 3676, 3681, 3684, 3685, 3688, 3689, 3697, 3701, 3702, 3706, 3709, 3712, 3714, 3719, 3720, 3722, 3729, 3730, 3732, 3734, 3735, 3736, 3738, 3739, 3743, 3744, 3748, 3749, 3750, 3751, 3754, 3755, 3757, 3758, 3761, 3763, 3764, 3766, 3773, 3775, 3777, 3781, 3782, 3789, 3790, 3792, 3796, 3803, 3810, 3814, 3818, 3822, 3823, 3824, 3828, 3829, 3837, 3839, 3841, 3843, 3844, 3849, 3850, 3853, 3855, 3857, 3861, 3862, 3863, 3869, 3883, 3885, 3888, 3890, 3891, 3892, 3903, 3906, 3908, 3910, 3913, 3914, 3915, 3919, 3921, 3922, 3923, 3924, 3928, 3929, 3933, 3936, 3937, 3939, 3944, 3948, 3953, 3955, 3957, 3960, 3961, 3962, 3963, 3964, 3965, 3966, 3968, 3971, 3975, 3977, 3980, 3982, 3985, 3986, 3988, 3989, 3990, 3997, 3998, 3999, 4000, 4001, 4002, 4003, 4005, 4007, 4013, 4014, 4016, 4018, 4019, 4021, 4022, 4025, 4028, 4030, 4031, 4032, 4033, 4034, 4035, 4037, 4039, 4040, 4043, 4045, 4048, 4050, 4052, 4053, 4054, 4059, 4062, 4066, 4068, 4069, 4070, 4072, 4073, 4074, 4077, 4079, 4082, 4083, 4086, 4088, 4090, 4092, 4093, 4096, 4097, 4105, 4110, 4111, 4112, 4114, 4115, 4116, 4123, 4124, 4129, 4133, 4135, 4136, 4137, 4138, 4140, 4143, 4144, 4146, 4148, 4149, 4150, 4151, 4154, 4155, 4158, 4159, 4160, 4162, 4163, 4168, 4169, 4170, 4171, 4172, 4173, 4176, 4179, 4180, 4181, 4183, 4187, 4189, 4190, 4191, 4192, 4197, 4198, 4200, 4202, 4203, 4207, 4208, 4221, 4223, 4225, 4228, 4231, 4232, 4233, 4234, 4235, 4240, 4241, 4242, 4243, 4245, 4246, 4249, 4250, 4252, 4256, 4257, 4259, 4260, 4261, 4262, 4264, 4266, 4269, 4272, 4273, 4276, 4277, 4282, 4286, 4287, 4289, 4295, 4298, 4300, 4303, 4304, 4308, 4309, 4314, 4315, 4316, 4319, 4321, 4322, 4324, 4326, 4328, 4330, 4333, 4339, 4340, 4342, 4343, 4350, 4356, 4357, 4361, 4364, 4367, 4369, 4370, 4371, 4372, 4374, 4379, 4380, 4383, 4385, 4386, 4388, 4389, 4391, 4393, 4395, 4397, 4400, 4401, 4402, 4404, 4406, 4409, 4412, 4419, 4420, 4422, 4426, 4427, 4431, 4435, 4438, 4439, 4442, 4443, 4444, 4445, 4451, 4458, 4459, 4460, 4463, 4464, 4466, 4472, 4475, 4483, 4486, 4488, 4490, 4491, 4493, 4494, 4495, 4497, 4502, 4504, 4508, 4512, 4513, 4514, 4516, 4517, 4518, 4520, 4523, 4527, 4529, 4531, 4536, 4537, 4538, 4539, 4541, 4542, 4543, 4546, 4548, 4553, 4554, 4555, 4556, 4557, 4558, 4561, 4563, 4564, 4565, 4567, 4570, 4571, 4572, 4573, 4576, 4577, 4578, 4579, 4580, 4581, 4582, 4583, 4586, 4588, 4590, 4592, 4593, 4594, 4596, 4597, 4598, 4599, 4600, 4603, 4604, 4605, 4606, 4607, 4609, 4610, 4611, 4613, 4614, 4615, 4616, 4618, 4619, 4620, 4624, 4626, 4627, 4629, 4630, 4631, 4633, 4635, 4637, 4638, 4641, 4642, 4644, 4646, 4647, 4648, 4649, 4653, 4654, 4662, 4663, 4664, 4667, 4668, 4671, 4672, 4674, 4675, 4677, 4678, 4682, 4685, 4687, 4690, 4691, 4692, 4693, 4696, 4697, 4698, 4701, 4702, 4703, 4704, 4705, 4709, 4712, 4720, 4721, 4722, 4725, 4728, 4731, 4733, 4734, 4737, 4738, 4741, 4742, 4743, 4746, 4747, 4750, 4752, 4753, 4754, 4755, 4757, 4758, 4761, 4762, 4765, 4766, 4769, 4772, 4773, 4774, 4775, 4782, 4783, 4788, 4789, 4791, 4795, 4799, 4800, 4804, 4806, 4807, 4810, 4812, 4816, 4817, 4818, 4822, 4823, 4825, 4829, 4830, 4831, 4832, 4833, 4834, 4839, 4840, 4844, 4845, 4848, 4852, 4853, 4855, 4860, 4862, 4863, 4866, 4867, 4868, 4869, 4871, 4872, 4874, 4880, 4881, 4882, 4884, 4885, 4887, 4888, 4895, 4897, 4898, 4902, 4906, 4908, 4913, 4914, 4915, 4918, 4921, 4922, 4923, 4924, 4925, 4926, 4927, 4931, 4932, 4933, 4936, 4939, 4940, 4941, 4943, 4948, 4951, 4952, 4955, 4956, 4957, 4958, 4961, 4962, 4963, 4968, 4969, 4973, 4974, 4976, 4978, 4980, 4982, 4983, 4986, 4990, 4991, 4992, 4993, 4994, 4997, 4998, 4999]
Packed_weights: [162, 822, 927, 732, 549, 997, 984, 853, 786, 927, 763, 838, 471, 907, 987, 825, 820, 987, 465, 435, 201, 961, 786, 997, 540, 814, 831, 840, 561, 858, 225, 729, 979, 54, 465, 552, 147, 423, 465, 12, 678, 726, 558, 501, 960, 669, 729, 783, 988, 777, 858, 654, 6, 868, 216, 54, 766, 931, 756, 954, 784, 825, 927, 591, 108, 927, 615, 769, 582, 942, 847, 459, 984, 507, 856, 657, 513, 979, 820, 357, 795, 948, 805, 225, 816, 528, 832, 84, 186, 780, 558, 504, 63, 60, 534, 921, 489, 892, 681, 27, 669, 753, 760, 748, 300, 612, 501, 759, 717, 769, 777, 462, 231, 766, 165, 934, 841, 991, 198, 354, 732, 30, 222, 171, 750, 876, 477, 9, 693, 837, 843, 231, 471, 925, 273, 282, 18, 210, 408, 645, 219, 561, 66, 492, 732, 912, 879, 1000, 453, 748, 141, 693, 540, 243, 745, 762, 765, 919, 877, 198, 228, 153, 817, 972, 759, 933, 231, 408, 162, 774, 327, 102, 969, 871, 808, 954, 192, 927, 228, 480, 744, 873, 826, 913, 792, 900, 294, 846, 732, 84, 760, 288, 327, 519, 402, 285, 732, 75, 621, 910, 783, 871, 474, 321, 393, 825, 102, 864, 880, 835, 591, 117, 889, 306, 699, 288, 576, 975, 961, 90, 768, 732, 916, 375, 390, 820, 988, 564, 666, 69, 999, 780, 850, 778, 984, 435, 498, 654, 909, 898, 756, 228, 462, 174, 411, 513, 255, 765, 799, 738, 411, 351, 546, 177, 213, 498, 900, 471, 759, 711, 982, 996, 480, 790, 807, 156, 381, 877, 838, 444, 588, 444, 486, 910, 189, 954, 573, 132, 186, 348, 489, 627, 937, 615, 504, 537, 471, 993, 663, 441, 219, 555, 432, 219, 744, 966, 282, 528, 916, 18, 904, 327, 567, 810, 150, 880, 627, 900, 988, 934, 609, 42, 852, 198, 129, 811, 756, 948, 811, 117, 366, 375, 796, 423, 832, 222, 567, 264, 726, 180, 81, 225, 654, 693, 207, 924, 987, 558, 846, 906, 519, 471, 763, 309, 817, 396, 255, 933, 825, 507, 975, 982, 822, 465, 603, 240, 534, 96, 772, 465, 471, 6, 891, 252, 871, 372, 333, 381, 138, 781, 976, 414, 787, 363, 883, 36, 324, 483, 240, 864, 195, 984, 42, 21, 741, 726, 564, 444, 768, 937, 726, 531, 474, 93, 792, 105, 954, 763, 513, 991, 96, 660, 823, 877, 760, 435, 850, 354, 432, 672, 880, 723, 805, 949, 730, 459, 864, 819, 129, 291, 510, 96, 660, 895, 258, 147, 714, 870, 492, 561, 822, 129, 762, 648, 564, 600, 555, 958, 465, 756, 597, 759, 30, 702, 381, 642, 817, 465, 408, 805, 832, 354, 954, 51, 174, 931, 477, 876, 591, 828, 27, 234, 207, 847, 471, 790, 363, 832, 357, 453, 336, 117, 576, 744, 168, 228, 192, 366, 822, 907, 339, 924, 432, 360, 847, 846, 39, 603, 880, 138, 333, 138, 729, 237, 993, 312, 159, 615, 141, 84, 144, 738, 865, 916, 495, 804, 808, 972, 159, 411, 291, 228, 757, 195, 952, 132, 786, 895, 15, 975, 954, 429, 957, 781, 799, 642, 291, 834, 738, 81, 477, 838, 258, 423, 988, 636, 594, 828, 790, 988, 996, 940, 966, 828, 777, 969, 856, 891, 315, 780, 972, 850, 156, 936, 975, 426, 717, 916, 426, 952, 748, 855, 564, 834, 435, 696, 862, 201, 799, 312, 18, 751, 931, 624, 234, 624, 309, 681, 381, 811, 168, 786, 835, 654, 372, 913, 561, 853, 744, 237, 751, 772, 672, 819, 150, 375, 333, 72, 690, 225, 210, 69, 126, 72, 192, 924, 766, 799, 970, 39, 405, 195, 930, 996, 528, 510, 654, 135, 477, 549, 849, 837, 450, 808, 315, 741, 123, 906, 27, 288, 435, 903, 859, 925, 714, 889, 231, 853, 789, 790, 297, 753, 976, 540, 372, 312, 36, 312, 954, 414, 492, 606, 105, 561, 492, 738, 222, 834, 111, 579, 789, 976, 831, 207, 687, 774, 600, 900, 741, 985, 546, 900, 246, 660, 225, 919, 894, 672, 165, 873, 267, 880, 219, 690, 318, 912, 726, 639, 726, 387, 330, 859, 90, 855, 564, 147, 501, 54, 30, 504, 249, 933, 717, 868, 24, 552, 931, 819, 909, 264, 102, 252, 714, 892, 357, 342, 243, 979, 895, 480, 958, 967, 93, 432, 781, 757, 318, 855, 754, 213, 3, 333, 51, 967, 1000, 48, 123, 3, 387, 717, 543, 150, 471, 519, 507, 993, 969, 441, 318, 399, 763, 45, 951, 54, 561, 651, 510, 642, 216, 45, 201, 829, 750, 774, 930, 765, 444, 261, 603, 816, 868, 876, 9, 939, 853, 189, 861, 510, 853, 759, 21, 940, 787, 573, 988, 915, 955, 853, 927, 522, 183, 775, 627, 754, 705, 769, 829, 453, 775, 375, 981, 171, 462, 549, 588, 258, 814, 396, 765, 951, 849, 234, 861, 747, 630, 306, 912, 828, 603, 561, 850, 522, 786, 990, 862, 924, 909, 928, 868, 816, 999, 898, 597, 309, 837, 936, 291, 612, 333, 964, 510, 453, 399, 273, 96, 504, 999, 982, 297, 573, 93, 348, 864, 880, 792, 285, 906, 459, 300, 246, 522, 825, 63, 111, 420, 303, 810, 384, 192, 249, 84, 303, 957, 531, 672, 921, 537, 444, 39, 702, 558, 27, 540, 987, 796, 267, 990, 945, 261, 222, 528, 327, 222, 988, 651, 621, 984, 747, 915, 282, 769, 483, 684, 952, 102, 267, 915, 192, 837, 120, 991, 558, 438, 126, 213, 234, 288, 300, 744, 144, 192, 414, 360, 669, 210, 919, 525, 474, 252, 594, 942, 480, 900, 45, 36, 942, 669, 51, 3, 790, 913, 339, 153, 186, 537, 874, 612, 864, 258, 757, 996, 991, 951, 783, 868, 294, 591, 450, 832, 309, 967, 375, 444, 120, 456, 856, 802, 784, 828, 915, 945, 1000, 951, 267, 357, 822, 930, 165, 87, 297, 468, 816, 775, 498, 294, 847, 597, 982, 513, 159, 552, 279, 39, 759, 750, 300, 823, 651, 868, 996, 765, 663, 867, 747, 618, 342, 600, 823, 801, 411, 753, 297, 144, 796, 351, 678, 384, 204, 796, 849, 852, 441, 93, 6, 132, 766, 997, 591, 790, 177, 892, 654, 624, 99, 753, 787, 630, 853, 910, 357, 609, 771, 912, 414, 838, 612, 363, 948, 879, 378, 618, 270, 859, 171, 477, 807, 865, 255, 844, 480, 960, 912, 153, 871, 979, 870, 156, 816, 814, 997, 510, 960, 468, 237, 648, 222, 303, 111, 240, 336, 429, 75, 165, 993, 222, 732, 657, 54, 348, 570, 252, 240, 852, 994, 9, 240, 945, 354, 444, 624, 933, 273, 681, 925, 843, 570, 363, 276, 96, 618, 948, 354, 753, 477, 132, 12, 369, 129, 453, 579, 630, 612, 642, 51, 72, 393, 796, 24, 669, 826, 165, 621, 537, 907, 300, 790, 693, 997, 207, 516, 93, 126, 414, 663, 865, 96, 474, 192, 159, 678, 978, 945, 1000, 913, 651, 189, 714, 27, 936, 831, 822, 303, 498, 999, 543, 300, 618, 399, 877, 837, 885, 375, 276, 897, 888, 738, 801, 826, 778, 900, 760, 348, 336, 988, 582, 180, 949, 790, 528, 924, 714, 753, 756, 759, 826, 744, 567, 955, 585, 327, 309, 534, 973, 823, 150, 789, 525, 747, 570, 642, 666, 720, 474, 772, 930, 132, 999, 393, 105, 363, 489, 264, 765, 504, 886, 48, 129, 39, 405, 642, 588, 339, 603, 748, 999, 534, 982, 720, 970, 255, 351, 997, 594, 171, 732, 702, 84, 918, 171, 828, 348, 561, 787, 375, 423, 189, 108, 474, 621, 234, 468, 642, 420, 486, 396, 306, 462, 231, 189, 657, 258, 844, 219, 498, 354, 237, 432, 12, 925, 483, 787, 456, 651, 549, 462, 72, 261, 772, 327, 255, 657, 717, 66, 810, 835, 27, 874, 264, 150, 993, 345, 267, 534, 874, 258, 156, 768, 804, 24, 117, 979, 168, 993, 711, 123, 183, 973, 993, 399, 678, 879, 955, 420, 219, 252, 990, 246, 705, 858, 423, 819, 174, 369, 871, 30, 468, 954, 963, 339, 375, 672, 705, 804, 336, 789, 510, 819, 871, 757, 321, 414, 630, 561, 165, 769, 835, 900, 18, 916, 237, 786, 775, 201, 222, 390, 876, 156, 832, 934, 303, 961, 880, 204, 315, 852, 708, 606, 780, 78, 372, 6, 453, 970, 396, 907, 922, 856, 216, 177, 18, 3, 801, 916, 555, 909, 825, 955, 414, 976, 120, 33, 237, 829, 318, 808, 603, 273, 654, 519, 210, 660, 796, 249, 729, 264, 603, 760, 775, 846, 754, 396, 456, 753, 903, 807, 549, 889, 393, 87, 894, 264, 561, 916, 870, 744, 78, 582, 982, 504, 946, 798, 864, 898, 912, 868, 832, 888, 240, 856, 144, 957, 264, 354, 438, 45, 267, 552, 922, 354, 69, 960, 802, 757, 972, 748, 820, 351, 444, 808, 348, 877, 985, 285, 555, 948, 976, 6, 906, 516, 300, 279, 468, 903, 39, 933, 835, 645, 228, 732, 309, 888, 21, 898, 666, 276, 57, 657, 54, 369, 823, 720, 369, 864, 735, 772, 909, 492, 498, 369, 627, 906, 315, 810, 678, 357, 576, 916, 18, 939, 805, 907, 792, 213, 732, 960, 925, 618, 609, 279, 9, 405, 906, 360, 207, 819, 831, 841, 877, 480, 885, 979, 862, 210, 919, 255, 786, 594, 904, 348, 525, 876, 760, 408, 405, 957, 102, 612, 819, 456, 933, 522, 540, 270, 315, 840, 792, 726, 486, 48, 381, 795, 258, 889, 48, 24, 78, 850, 510, 996, 711, 372, 279, 861, 327, 330, 765, 958, 48, 252, 396, 270, 792, 492, 765, 636, 790, 492, 561, 141, 264, 804, 504, 798, 108, 867, 87, 942, 6, 120, 873, 552, 633, 769, 814, 234, 570, 231, 757, 846, 648, 462, 765, 933, 849, 774, 339, 880, 225, 747, 231, 24, 817, 702, 534, 90, 426, 33, 558, 720, 900, 741, 135, 456, 900, 327, 186, 306, 579, 945, 924, 799, 811, 921, 141, 885, 105, 756, 105, 282, 624, 919, 171, 459, 402, 423, 889, 123, 84, 468, 6, 585, 672, 315, 979, 910, 777, 12, 988, 708, 924, 426, 873, 507, 399, 964, 913, 402, 996, 720, 645, 99, 931, 982, 678, 841, 744, 847, 912, 132, 837, 147, 321, 168, 891, 786, 492, 997, 501, 771, 918, 846, 81, 675, 831, 885, 756, 159, 522, 399, 96, 51, 835, 198, 414, 847, 946, 525, 285, 948, 501, 823, 537, 609, 51, 69, 630, 879, 991, 396, 807, 63, 729, 39, 865, 891, 90, 705, 865, 952, 910, 690, 771, 954, 903, 651, 519, 69, 895, 687, 762, 483, 825, 387, 42, 282, 255, 177, 828, 492, 828, 123, 681, 867, 862, 684, 997, 882, 201, 642, 303, 675, 633, 300, 738, 399, 639, 612, 826, 471, 309, 129, 684, 66, 763, 900, 357, 186, 924, 690, 787, 870, 303, 852, 636, 969, 315, 543, 880, 958, 63, 948, 862, 183, 970, 813, 840, 372, 726, 847, 60, 483, 372, 936, 246, 60, 231, 876, 873, 919, 615, 807, 871, 952, 630, 498, 922, 811, 775, 966, 558, 255, 895, 934, 393, 54, 970, 231, 786, 456, 516, 531, 918, 612, 168, 993, 594, 754, 516, 78, 57, 873, 981, 321, 924, 901, 273, 933, 669, 916, 663, 862, 850, 876, 549, 891, 567, 177, 909, 225, 537, 483, 874, 528, 6, 126, 823, 201, 973, 57, 297, 928, 849, 90, 919, 808, 600, 543, 483, 456, 288, 513, 708, 988, 354, 892, 895, 711, 84, 252, 207, 519, 321, 345, 159, 927, 844, 823, 877, 201, 823, 823, 330, 925, 663, 909, 360, 42, 768, 907, 93, 360, 75, 775, 273, 276, 486, 420, 99, 570, 834, 810, 564, 345, 766, 306, 882, 615, 991, 948, 366, 195, 102, 972, 906, 225, 913, 991, 946, 982, 754, 45, 555, 201, 540, 234, 925, 357, 762, 741, 93, 267, 492, 636, 144, 96, 513, 381, 850, 978, 937, 784, 843, 126, 669, 666, 924, 624, 915, 793, 606, 42, 579, 669, 789, 555, 465, 799, 357, 954, 516, 570, 516, 829, 666, 426, 808, 762, 769, 786, 597, 864, 822, 468, 915, 939, 621, 844, 906, 318, 480, 919, 805, 804, 336, 624, 864, 456, 498, 528, 699, 618, 279, 249, 747, 810, 66, 69, 873, 966, 216, 33, 961, 873, 360, 912, 921, 892, 300, 732, 210, 714, 840, 955, 763, 456, 126, 768, 796, 624, 591, 549, 345, 528, 672, 847, 823, 447, 372, 642, 858, 864, 769, 384, 591, 907, 213, 720, 201, 993, 888, 447, 303, 264, 747, 579, 567, 711, 426, 351, 303, 96, 795, 603, 309, 426, 120, 856, 231, 333, 910, 288, 793, 952, 15, 645, 354, 318, 946, 735, 892, 36, 558, 54, 171, 309, 516, 417, 549, 861, 663, 297, 775, 315, 108, 988, 909, 477, 408, 931, 285, 907, 474, 784, 681, 513, 898, 249, 234, 429, 817, 210, 504, 606, 453, 826, 447, 408, 504, 228, 888, 976, 180, 411, 552, 528, 763, 102, 507, 594, 165, 793, 516, 357, 534, 847, 339, 261, 270, 840, 957]

Test case: kplib-master/11ProfitCeiling/n10000/R01000/s051.kp
Run time: 180.00413537025452 seconds
Total value = 2495064
Total weight = 2495937
Packed items: [2, 3, 6, 9, 10, 14, 16, 17, 25, 26, 27, 31, 32, 33, 34, 35, 37, 40, 41, 43, 45, 46, 58, 59, 62, 64, 66, 67, 73, 74, 75, 76, 79, 80, 81, 85, 89, 91, 94, 96, 98, 99, 100, 101, 102, 105, 106, 111, 112, 113, 115, 119, 126, 128, 129, 131, 132, 136, 137, 139, 143, 145, 148, 149, 155, 158, 160, 161, 164, 170, 171, 172, 174, 176, 178, 179, 181, 182, 183, 184, 185, 186, 192, 194, 196, 200, 203, 205, 210, 212, 216, 219, 222, 226, 227, 231, 236, 237, 239, 240, 245, 246, 247, 248, 249, 250, 251, 252, 255, 258, 259, 261, 263, 264, 266, 271, 273, 274, 276, 280, 281, 282, 284, 285, 286, 287, 289, 290, 293, 294, 295, 298, 302, 305, 308, 312, 318, 321, 322, 323, 325, 328, 334, 336, 338, 343, 345, 346, 347, 348, 350, 351, 353, 355, 357, 358, 359, 372, 373, 374, 377, 379, 380, 382, 384, 385, 387, 388, 390, 392, 393, 395, 399, 404, 408, 412, 413, 414, 417, 419, 430, 434, 435, 440, 441, 443, 445, 449, 454, 455, 458, 460, 461, 465, 467, 468, 471, 472, 474, 475, 477, 478, 483, 484, 486, 488, 490, 492, 495, 496, 499, 503, 505, 507, 508, 509, 512, 519, 522, 523, 524, 525, 526, 529, 536, 537, 544, 545, 546, 555, 561, 562, 564, 565, 566, 567, 569, 570, 578, 579, 580, 582, 585, 587, 589, 590, 595, 597, 598, 599, 606, 608, 610, 613, 617, 618, 619, 620, 626, 628, 632, 635, 639, 640, 642, 644, 647, 648, 649, 657, 659, 660, 662, 664, 666, 667, 668, 669, 678, 680, 682, 684, 685, 686, 688, 689, 692, 693, 695, 701, 702, 703, 704, 705, 706, 707, 708, 709, 711, 713, 714, 718, 720, 728, 729, 730, 733, 734, 750, 758, 762, 763, 767, 768, 771, 772, 781, 782, 785, 791, 794, 796, 797, 800, 801, 804, 805, 807, 808, 810, 811, 812, 816, 817, 819, 821, 826, 828, 830, 832, 833, 836, 838, 839, 841, 844, 845, 847, 848, 851, 852, 855, 856, 857, 858, 863, 866, 870, 871, 878, 879, 880, 882, 884, 886, 888, 889, 891, 893, 904, 907, 909, 911, 913, 914, 917, 919, 920, 922, 923, 926, 929, 931, 932, 934, 936, 937, 938, 942, 943, 944, 946, 947, 950, 954, 958, 959, 962, 963, 965, 966, 967, 973, 977, 979, 981, 982, 984, 990, 991, 993, 998, 1000, 1003, 1008, 1015, 1016, 1019, 1023, 1026, 1027, 1031, 1032, 1034, 1037, 1040, 1043, 1044, 1048, 1049, 1051, 1054, 1057, 1060, 1063, 1064, 1066, 1067, 1068, 1072, 1074, 1076, 1077, 1079, 1082, 1084, 1085, 1087, 1088, 1090, 1091, 1093, 1099, 1100, 1103, 1104, 1107, 1108, 1110, 1111, 1112, 1115, 1116, 1118, 1119, 1120, 1123, 1125, 1126, 1129, 1130, 1131, 1133, 1135, 1138, 1139, 1141, 1143, 1145, 1146, 1151, 1152, 1153, 1155, 1157, 1158, 1159, 1160, 1164, 1165, 1166, 1168, 1171, 1172, 1175, 1179, 1180, 1182, 1188, 1192, 1193, 1194, 1197, 1200, 1201, 1204, 1206, 1207, 1208, 1210, 1211, 1212, 1213, 1215, 1217, 1219, 1222, 1223, 1225, 1230, 1231, 1232, 1234, 1235, 1238, 1240, 1244, 1246, 1252, 1254, 1256, 1261, 1264, 1267, 1268, 1269, 1274, 1275, 1277, 1279, 1280, 1283, 1284, 1285, 1288, 1290, 1298, 1299, 1306, 1307, 1310, 1314, 1319, 1323, 1324, 1325, 1329, 1330, 1331, 1334, 1337, 1338, 1339, 1340, 1341, 1342, 1346, 1347, 1352, 1356, 1360, 1362, 1363, 1366, 1369, 1371, 1372, 1373, 1375, 1379, 1382, 1385, 1386, 1389, 1390, 1397, 1398, 1400, 1403, 1404, 1406, 1407, 1410, 1411, 1412, 1414, 1416, 1419, 1424, 1432, 1433, 1434, 1438, 1446, 1448, 1450, 1453, 1458, 1459, 1460, 1464, 1465, 1467, 1469, 1471, 1472, 1473, 1478, 1480, 1482, 1483, 1484, 1487, 1490, 1494, 1498, 1499, 1500, 1505, 1507, 1509, 1510, 1512, 1513, 1519, 1520, 1521, 1524, 1530, 1531, 1534, 1535, 1536, 1540, 1541, 1542, 1543, 1545, 1552, 1553, 1555, 1559, 1560, 1561, 1564, 1566, 1567, 1571, 1574, 1576, 1578, 1579, 1581, 1582, 1584, 1585, 1587, 1588, 1589, 1592, 1595, 1598, 1600, 1601, 1605, 1607, 1609, 1610, 1612, 1613, 1618, 1621, 1625, 1626, 1627, 1629, 1631, 1633, 1634, 1635, 1636, 1637, 1639, 1640, 1642, 1643, 1644, 1645, 1646, 1650, 1652, 1653, 1655, 1658, 1659, 1660, 1663, 1665, 1668, 1672, 1673, 1676, 1677, 1678, 1679, 1680, 1682, 1689, 1691, 1693, 1695, 1698, 1699, 1706, 1707, 1712, 1716, 1718, 1721, 1725, 1727, 1729, 1730, 1731, 1739, 1746, 1747, 1748, 1753, 1757, 1758, 1759, 1760, 1761, 1762, 1765, 1766, 1767, 1768, 1775, 1777, 1779, 1783, 1785, 1786, 1787, 1788, 1789, 1792, 1793, 1795, 1797, 1800, 1801, 1803, 1804, 1805, 1806, 1810, 1811, 1813, 1820, 1821, 1825, 1826, 1829, 1831, 1832, 1833, 1834, 1836, 1837, 1838, 1841, 1843, 1844, 1845, 1850, 1851, 1854, 1856, 1857, 1860, 1862, 1864, 1866, 1870, 1871, 1879, 1881, 1884, 1889, 1890, 1891, 1892, 1895, 1897, 1898, 1899, 1907, 1910, 1911, 1914, 1916, 1919, 1921, 1923, 1924, 1927, 1930, 1932, 1933, 1936, 1937, 1939, 1941, 1942, 1946, 1949, 1951, 1952, 1953, 1958, 1962, 1965, 1966, 1975, 1979, 1983, 1986, 1987, 1990, 1991, 1993, 1994, 1995, 1999, 2000, 2003, 2006, 2007, 2009, 2012, 2016, 2018, 2023, 2028, 2030, 2032, 2034, 2038, 2042, 2045, 2048, 2049, 2053, 2058, 2060, 2064, 2065, 2067, 2070, 2073, 2074, 2075, 2077, 2078, 2082, 2083, 2084, 2088, 2089, 2090, 2094, 2099, 2103, 2108, 2113, 2115, 2117, 2120, 2124, 2126, 2128, 2129, 2130, 2131, 2136, 2139, 2140, 2143, 2144, 2147, 2148, 2149, 2156, 2158, 2159, 2160, 2161, 2167, 2170, 2171, 2172, 2173, 2178, 2179, 2180, 2182, 2186, 2193, 2195, 2197, 2202, 2203, 2204, 2207, 2214, 2216, 2217, 2219, 2220, 2221, 2223, 2224, 2226, 2227, 2228, 2233, 2235, 2237, 2239, 2240, 2241, 2244, 2249, 2251, 2256, 2259, 2261, 2262, 2263, 2266, 2267, 2268, 2272, 2273, 2278, 2279, 2280, 2282, 2283, 2284, 2285, 2286, 2287, 2289, 2290, 2291, 2292, 2294, 2296, 2298, 2302, 2303, 2306, 2308, 2311, 2313, 2315, 2316, 2318, 2319, 2320, 2322, 2324, 2325, 2329, 2331, 2334, 2335, 2339, 2340, 2342, 2345, 2351, 2358, 2360, 2361, 2363, 2364, 2367, 2368, 2369, 2370, 2371, 2372, 2373, 2374, 2375, 2376, 2379, 2381, 2382, 2384, 2385, 2387, 2389, 2392, 2395, 2396, 2400, 2404, 2405, 2406, 2408, 2410, 2412, 2413, 2418, 2421, 2424, 2426, 2428, 2430, 2431, 2432, 2433, 2435, 2436, 2437, 2440, 2443, 2449, 2451, 2453, 2456, 2457, 2458, 2459, 2463, 2467, 2470, 2472, 2473, 2478, 2483, 2485, 2488, 2489, 2491, 2493, 2497, 2499, 2500, 2503, 2504, 2510, 2512, 2513, 2515, 2519, 2520, 2521, 2523, 2529, 2534, 2536, 2539, 2540, 2548, 2550, 2556, 2557, 2558, 2559, 2560, 2561, 2562, 2563, 2564, 2565, 2568, 2570, 2575, 2580, 2581, 2582, 2585, 2588, 2593, 2599, 2600, 2601, 2602, 2603, 2604, 2606, 2607, 2608, 2617, 2618, 2622, 2623, 2624, 2627, 2629, 2633, 2636, 2639, 2640, 2645, 2647, 2648, 2654, 2656, 2663, 2664, 2665, 2667, 2670, 2676, 2679, 2681, 2685, 2688, 2691, 2692, 2696, 2697, 2698, 2699, 2701, 2702, 2706, 2708, 2712, 2717, 2720, 2725, 2726, 2732, 2735, 2737, 2738, 2739, 2740, 2741, 2743, 2745, 2747, 2753, 2755, 2756, 2757, 2758, 2760, 2761, 2763, 2765, 2766, 2767, 2768, 2772, 2776, 2779, 2780, 2781, 2782, 2783, 2785, 2787, 2788, 2791, 2792, 2794, 2796, 2797, 2798, 2799, 2801, 2802, 2803, 2804, 2805, 2806, 2807, 2810, 2811, 2812, 2818, 2822, 2824, 2828, 2829, 2832, 2833, 2835, 2836, 2837, 2838, 2839, 2840, 2841, 2842, 2843, 2844, 2845, 2846, 2849, 2852, 2854, 2855, 2859, 2861, 2862, 2863, 2864, 2866, 2867, 2869, 2870, 2874, 2875, 2876, 2878, 2879, 2883, 2886, 2887, 2888, 2891, 2894, 2895, 2896, 2899, 2900, 2902, 2905, 2910, 2913, 2914, 2915, 2916, 2917, 2918, 2921, 2922, 2923, 2926, 2928, 2930, 2932, 2934, 2937, 2939, 2941, 2943, 2945, 2949, 2951, 2952, 2953, 2954, 2956, 2960, 2965, 2967, 2968, 2973, 2974, 2977, 2979, 2981, 2983, 2987, 2988, 2989, 2990, 2991, 2993, 2996, 2997, 2998, 2999, 3000, 3004, 3006, 3007, 3008, 3010, 3012, 3014, 3015, 3016, 3017, 3019, 3023, 3025, 3030, 3031, 3033, 3035, 3036, 3037, 3038, 3039, 3040, 3041, 3042, 3046, 3047, 3050, 3053, 3059, 3062, 3067, 3070, 3072, 3074, 3081, 3084, 3085, 3087, 3093, 3095, 3096, 3097, 3099, 3101, 3102, 3103, 3106, 3107, 3108, 3109, 3111, 3112, 3113, 3115, 3117, 3120, 3121, 3122, 3124, 3126, 3127, 3131, 3133, 3135, 3141, 3148, 3154, 3156, 3157, 3159, 3161, 3162, 3163, 3164, 3166, 3168, 3169, 3172, 3173, 3176, 3177, 3178, 3179, 3180, 3182, 3183, 3188, 3191, 3192, 3193, 3195, 3196, 3201, 3205, 3208, 3209, 3211, 3215, 3216, 3220, 3221, 3223, 3225, 3227, 3230, 3234, 3236, 3237, 3238, 3239, 3240, 3241, 3242, 3248, 3251, 3252, 3254, 3255, 3257, 3258, 3260, 3261, 3262, 3268, 3270, 3272, 3273, 3276, 3278, 3282, 3283, 3285, 3287, 3288, 3291, 3301, 3305, 3309, 3310, 3311, 3313, 3315, 3323, 3328, 3331, 3332, 3337, 3339, 3340, 3342, 3344, 3345, 3346, 3347, 3351, 3353, 3356, 3358, 3359, 3362, 3367, 3369, 3374, 3375, 3379, 3382, 3390, 3391, 3392, 3394, 3396, 3398, 3400, 3401, 3402, 3405, 3409, 3412, 3417, 3418, 3419, 3421, 3424, 3426, 3427, 3429, 3431, 3432, 3433, 3434, 3435, 3437, 3439, 3447, 3452, 3454, 3455, 3458, 3459, 3460, 3461, 3463, 3464, 3467, 3468, 3473, 3477, 3479, 3481, 3483, 3484, 3491, 3492, 3493, 3500, 3503, 3505, 3508, 3511, 3514, 3517, 3519, 3520, 3528, 3530, 3531, 3534, 3535, 3536, 3542, 3548, 3549, 3550, 3551, 3554, 3555, 3556, 3557, 3559, 3560, 3564, 3565, 3566, 3570, 3571, 3572, 3574, 3575, 3577, 3578, 3579, 3580, 3583, 3586, 3591, 3594, 3596, 3597, 3603, 3604, 3605, 3611, 3612, 3616, 3618, 3619, 3621, 3629, 3630, 3632, 3633, 3636, 3637, 3638, 3640, 3641, 3642, 3650, 3657, 3660, 3661, 3664, 3669, 3670, 3673, 3676, 3681, 3684, 3685, 3688, 3689, 3697, 3701, 3702, 3706, 3709, 3712, 3714, 3719, 3720, 3722, 3729, 3730, 3732, 3734, 3735, 3736, 3738, 3739, 3743, 3744, 3748, 3749, 3750, 3751, 3754, 3755, 3757, 3758, 3761, 3763, 3764, 3766, 3773, 3775, 3777, 3781, 3782, 3789, 3790, 3792, 3796, 3803, 3810, 3814, 3818, 3822, 3823, 3824, 3828, 3829, 3837, 3839, 3841, 3843, 3844, 3849, 3850, 3853, 3855, 3857, 3861, 3862, 3863, 3869, 3883, 3885, 3888, 3890, 3891, 3892, 3903, 3906, 3908, 3910, 3913, 3914, 3915, 3919, 3921, 3922, 3923, 3924, 3928, 3929, 3933, 3936, 3937, 3939, 3944, 3948, 3953, 3955, 3957, 3960, 3961, 3962, 3963, 3964, 3965, 3966, 3968, 3971, 3975, 3977, 3980, 3982, 3985, 3986, 3988, 3989, 3990, 3997, 3998, 3999, 4000, 4001, 4002, 4003, 4005, 4007, 4013, 4014, 4016, 4018, 4019, 4021, 4022, 4025, 4028, 4030, 4031, 4032, 4033, 4034, 4035, 4037, 4039, 4040, 4043, 4045, 4048, 4050, 4052, 4053, 4054, 4059, 4062, 4066, 4068, 4069, 4070, 4072, 4073, 4074, 4077, 4079, 4082, 4083, 4086, 4088, 4090, 4092, 4093, 4096, 4097, 4105, 4110, 4111, 4112, 4114, 4115, 4116, 4123, 4124, 4129, 4133, 4135, 4136, 4137, 4138, 4140, 4143, 4144, 4146, 4148, 4149, 4150, 4151, 4154, 4155, 4158, 4159, 4160, 4162, 4163, 4168, 4169, 4170, 4171, 4172, 4173, 4176, 4179, 4180, 4181, 4183, 4187, 4189, 4190, 4191, 4192, 4197, 4198, 4200, 4202, 4203, 4207, 4208, 4221, 4223, 4225, 4228, 4231, 4232, 4233, 4234, 4235, 4240, 4241, 4242, 4243, 4245, 4246, 4249, 4250, 4252, 4256, 4257, 4259, 4260, 4261, 4262, 4264, 4266, 4269, 4272, 4273, 4276, 4277, 4282, 4286, 4287, 4289, 4295, 4298, 4300, 4303, 4304, 4308, 4309, 4314, 4315, 4316, 4319, 4321, 4322, 4324, 4326, 4328, 4330, 4333, 4339, 4340, 4342, 4343, 4350, 4356, 4357, 4361, 4364, 4367, 4369, 4370, 4371, 4372, 4374, 4379, 4380, 4383, 4385, 4386, 4388, 4389, 4391, 4393, 4395, 4397, 4400, 4401, 4402, 4404, 4406, 4409, 4412, 4419, 4420, 4422, 4426, 4427, 4431, 4435, 4438, 4439, 4442, 4443, 4444, 4445, 4451, 4458, 4459, 4460, 4463, 4464, 4466, 4472, 4475, 4483, 4486, 4488, 4490, 4491, 4493, 4494, 4495, 4497, 4502, 4504, 4508, 4512, 4513, 4514, 4516, 4517, 4518, 4520, 4523, 4527, 4529, 4531, 4536, 4537, 4538, 4539, 4541, 4542, 4543, 4546, 4548, 4553, 4554, 4555, 4556, 4557, 4558, 4561, 4563, 4564, 4565, 4567, 4570, 4571, 4572, 4573, 4576, 4577, 4578, 4579, 4580, 4581, 4582, 4583, 4586, 4588, 4590, 4592, 4593, 4594, 4596, 4597, 4598, 4599, 4600, 4603, 4604, 4605, 4606, 4607, 4609, 4610, 4611, 4613, 4614, 4615, 4616, 4618, 4619, 4620, 4624, 4626, 4627, 4629, 4630, 4631, 4633, 4635, 4637, 4638, 4641, 4642, 4644, 4646, 4647, 4648, 4649, 4653, 4654, 4662, 4663, 4664, 4667, 4668, 4671, 4672, 4674, 4675, 4677, 4678, 4682, 4685, 4687, 4690, 4691, 4692, 4693, 4696, 4697, 4698, 4701, 4702, 4703, 4704, 4705, 4709, 4712, 4720, 4721, 4722, 4725, 4728, 4731, 4733, 4734, 4737, 4738, 4741, 4742, 4743, 4746, 4747, 4750, 4752, 4753, 4754, 4755, 4757, 4758, 4761, 4762, 4765, 4766, 4769, 4772, 4773, 4774, 4775, 4782, 4783, 4788, 4789, 4791, 4795, 4799, 4800, 4804, 4806, 4807, 4810, 4812, 4816, 4817, 4818, 4822, 4823, 4825, 4829, 4830, 4831, 4832, 4833, 4834, 4839, 4840, 4844, 4845, 4848, 4852, 4853, 4855, 4860, 4862, 4863, 4866, 4867, 4868, 4869, 4871, 4872, 4874, 4880, 4881, 4882, 4884, 4885, 4887, 4888, 4895, 4897, 4898, 4902, 4906, 4908, 4913, 4914, 4915, 4918, 4921, 4922, 4923, 4924, 4925, 4926, 4927, 4931, 4932, 4933, 4936, 4939, 4940, 4941, 4943, 4948, 4951, 4952, 4955, 4956, 4957, 4958, 4961, 4962, 4963, 4968, 4969, 4973, 4974, 4976, 4978, 4980, 4982, 4983, 4986, 4990, 4991, 4992, 4993, 4994, 4997, 4998, 4999, 5003, 5007, 5008, 5012, 5015, 5017, 5020, 5025, 5026, 5027, 5030, 5031, 5032, 5033, 5035, 5036, 5037, 5038, 5039, 5040, 5045, 5048, 5049, 5050, 5051, 5054, 5055, 5056, 5057, 5061, 5062, 5063, 5064, 5067, 5068, 5073, 5074, 5079, 5080, 5082, 5084, 5088, 5093, 5096, 5097, 5099, 5100, 5101, 5103, 5104, 5109, 5110, 5114, 5120, 5123, 5128, 5131, 5133, 5134, 5135, 5139, 5140, 5142, 5154, 5156, 5157, 5158, 5160, 5165, 5166, 5168, 5179, 5182, 5183, 5184, 5185, 5190, 5191, 5194, 5195, 5197, 5198, 5200, 5203, 5204, 5207, 5208, 5211, 5219, 5227, 5236, 5240, 5241, 5242, 5243, 5245, 5248, 5250, 5252, 5254, 5257, 5258, 5259, 5263, 5265, 5266, 5267, 5270, 5271, 5272, 5273, 5279, 5281, 5282, 5286, 5287, 5288, 5290, 5294, 5295, 5296, 5299, 5300, 5301, 5303, 5307, 5308, 5310, 5312, 5313, 5316, 5322, 5324, 5325, 5336, 5337, 5338, 5339, 5342, 5343, 5344, 5345, 5346, 5348, 5349, 5350, 5352, 5357, 5359, 5360, 5363, 5364, 5368, 5371, 5372, 5377, 5378, 5380, 5382, 5383, 5384, 5386, 5388, 5391, 5392, 5395, 5396, 5397, 5398, 5400, 5405, 5410, 5412, 5414, 5417, 5422, 5423, 5425, 5426, 5427, 5428, 5429, 5432, 5433, 5434, 5437, 5438, 5439, 5441, 5442, 5445, 5448, 5453, 5454, 5456, 5459, 5460, 5461, 5462, 5463, 5464, 5466, 5467, 5468, 5471, 5474, 5476, 5478, 5482, 5484, 5485, 5487, 5488, 5489, 5491, 5495, 5496, 5498, 5500, 5502, 5504, 5505, 5506, 5512, 5513, 5514, 5516, 5517, 5520, 5522, 5523, 5524, 5525, 5527, 5530, 5532, 5533, 5537, 5541, 5542, 5548, 5552, 5553, 5556, 5559, 5561, 5564, 5567, 5568, 5573, 5575, 5576, 5577, 5578, 5581, 5582, 5584, 5587, 5594, 5595, 5596, 5597, 5600, 5602, 5612, 5614, 5615, 5617, 5618, 5623, 5625, 5626, 5628, 5630, 5634, 5640, 5642, 5646, 5649, 5652, 5653, 5654, 5656, 5657, 5660, 5663, 5667, 5668, 5669, 5671, 5672, 5681, 5682, 5683, 5684, 5686, 5688, 5690, 5691, 5696, 5697, 5698, 5701, 5703, 5707, 5709, 5711, 5713, 5715, 5718, 5720, 5722, 5726, 5727, 5728, 5730, 5732, 5734, 5736, 5737, 5739, 5740, 5741, 5747, 5748, 5751, 5755, 5757, 5759, 5761, 5767, 5769, 5770, 5771, 5779, 5780, 5788, 5789, 5791, 5792, 5794, 5797, 5800, 5804, 5805, 5807, 5808, 5809, 5812, 5813, 5815, 5817, 5823, 5825, 5826, 5829, 5831, 5832, 5835, 5836, 5837, 5841, 5844, 5845, 5846, 5850, 5851, 5855, 5856, 5858, 5859, 5861, 5868, 5869, 5870, 5874, 5875, 5876, 5877, 5878, 5880, 5888, 5892, 5893, 5896, 5899, 5901, 5902, 5903, 5906, 5908, 5909, 5911, 5912, 5913, 5914, 5916, 5917, 5918, 5919, 5921, 5922, 5929, 5931, 5932, 5933, 5934, 5935, 5939, 5941, 5943, 5944, 5948, 5949, 5953, 5955, 5957, 5959, 5961, 5966, 5968, 5971, 5976, 5981, 5982, 5983, 5985, 5986, 5987, 5988, 5991, 5992, 5993, 5995, 5999, 6000, 6005, 6007, 6008, 6018, 6019, 6020, 6021, 6026, 6029, 6031, 6032, 6033, 6035, 6040, 6044, 6046, 6047, 6049, 6050, 6053, 6054, 6056, 6057, 6058, 6062, 6064, 6066, 6067, 6070, 6074, 6075, 6077, 6081, 6088, 6089, 6090, 6091, 6093, 6098, 6099, 6104, 6105, 6106, 6109, 6110, 6113, 6115, 6116, 6120, 6122, 6123, 6124, 6126, 6130, 6134, 6135, 6136, 6137, 6139, 6140, 6141, 6148, 6149, 6152, 6154, 6155, 6156, 6163, 6165, 6166, 6169, 6171, 6173, 6178, 6179, 6182, 6183, 6184, 6186, 6188, 6190, 6195, 6198, 6200, 6201, 6202, 6204, 6205, 6207, 6208, 6209, 6210, 6211, 6216, 6221, 6222, 6226, 6230, 6231, 6232, 6233, 6236, 6237, 6238, 6240, 6241, 6247, 6248, 6249, 6251, 6252, 6259, 6261, 6262, 6264, 6268, 6274, 6276, 6277, 6280, 6281, 6282, 6283, 6284, 6288, 6289, 6291, 6293, 6299, 6307, 6308, 6309, 6310, 6317, 6321, 6323, 6324, 6328, 6330, 6331, 6333, 6335, 6336, 6342, 6346, 6352, 6353, 6355, 6358, 6362, 6363, 6364, 6366, 6368, 6370, 6376, 6377, 6380, 6381, 6387, 6390, 6392, 6395, 6396, 6401, 6403, 6404, 6405, 6407, 6410, 6413, 6417, 6418, 6420, 6421, 6426, 6432, 6433, 6435, 6436, 6439, 6440, 6444, 6445, 6447, 6450, 6451, 6455, 6456, 6458, 6463, 6466, 6473, 6475, 6477, 6478, 6480, 6481, 6485, 6486, 6488, 6491, 6498, 6499, 6500, 6504, 6505, 6509, 6510, 6511, 6515, 6518, 6519, 6523, 6524, 6525, 6530, 6534, 6543, 6550, 6553, 6558, 6560, 6561, 6565, 6567, 6574, 6581, 6586, 6588, 6590, 6598, 6600, 6602, 6603, 6604, 6605, 6606, 6608, 6609, 6613, 6617, 6623, 6624, 6627, 6631, 6637, 6639, 6640, 6651, 6652, 6654, 6655, 6657, 6658, 6660, 6664, 6666, 6668, 6669, 6670, 6673, 6681, 6683, 6684, 6687, 6690, 6691, 6693, 6694, 6698, 6701, 6703, 6704, 6706, 6711, 6712, 6714, 6717, 6721, 6723, 6724, 6725, 6726, 6727, 6730, 6733, 6734, 6735, 6740, 6742, 6743, 6744, 6745, 6747, 6750, 6752, 6753, 6756, 6758, 6759, 6761, 6766, 6768, 6774, 6775, 6776, 6777, 6778, 6779, 6780, 6783, 6784, 6789, 6790, 6791, 6794, 6795, 6796, 6802, 6803, 6805, 6809, 6815, 6821, 6823, 6824, 6826, 6829, 6832, 6835, 6839, 6840, 6841, 6846, 6847, 6849, 6850, 6855, 6857, 6868, 6871, 6873, 6878, 6881, 6885, 6886, 6888, 6890, 6891, 6896, 6900, 6902, 6903, 6909, 6911, 6916, 6917, 6919, 6920, 6921, 6924, 6925, 6926, 6927, 6928, 6930, 6934, 6935, 6936, 6937, 6940, 6941, 6943, 6948, 6951, 6953, 6954, 6957, 6959, 6965, 6967, 6968, 6971, 6972, 6973, 6979, 6980, 6981, 6982, 6984, 6987, 6991, 6992, 6996, 6997, 6999, 7000, 7003, 7006, 7008, 7009, 7011, 7012, 7013, 7014, 7016, 7021, 7022, 7023, 7029, 7031, 7036, 7039, 7040, 7041, 7044, 7048, 7050, 7051, 7052, 7053, 7055, 7056, 7058, 7059, 7060, 7062, 7064, 7066, 7067, 7070, 7072, 7079, 7082, 7083, 7086, 7089, 7090, 7093, 7095, 7099, 7100, 7102, 7103, 7104, 7106, 7108, 7110, 7112, 7114, 7115, 7118, 7120, 7124, 7125, 7129, 7133, 7134, 7135, 7137, 7142, 7145, 7148, 7149, 7150, 7151, 7152, 7153, 7154, 7155, 7156, 7160, 7164, 7166, 7168, 7169, 7172, 7173, 7175, 7178, 7180, 7181, 7186, 7191, 7193, 7198, 7200, 7201, 7202, 7208, 7211, 7212, 7214, 7215, 7220, 7221, 7224, 7225, 7228, 7231, 7235, 7238, 7240, 7241, 7242, 7245, 7246, 7247, 7250, 7251, 7256, 7257, 7259, 7261, 7263, 7264, 7265, 7267, 7268, 7270, 7273, 7275, 7276, 7282, 7284, 7291, 7294, 7295, 7298, 7299, 7301, 7302, 7304, 7306, 7307, 7308, 7312, 7313, 7315, 7316, 7318, 7319, 7320, 7324, 7325, 7327, 7329, 7330, 7336, 7342, 7343, 7347, 7348, 7349, 7352, 7353, 7354, 7356, 7357, 7359, 7360, 7364, 7365, 7367, 7369, 7376, 7380, 7381, 7389, 7391, 7392, 7394, 7398, 7401, 7402, 7405, 7407, 7409, 7411, 7413, 7414, 7416, 7417, 7421, 7425, 7428, 7430, 7433, 7438, 7439, 7440, 7443, 7444, 7445, 7453, 7457, 7458, 7459, 7461, 7463, 7464, 7476, 7478, 7479, 7483, 7492, 7493, 7494, 7496, 7499, 7500, 7504, 7506, 7507, 7510, 7517, 7524, 7525, 7527, 7529, 7531, 7532, 7536, 7539, 7540, 7541, 7542, 7549, 7553, 7558, 7560, 7561, 7564, 7566, 7568, 7570, 7572, 7580, 7583, 7586, 7587, 7589, 7590, 7591, 7593, 7600, 7601, 7604, 7606, 7607, 7608, 7609, 7610, 7611, 7615, 7618, 7620, 7624, 7625, 7629, 7630, 7638, 7639, 7640, 7642, 7643, 7644, 7646, 7647, 7650, 7653, 7654, 7655, 7658, 7659, 7662, 7663, 7666, 7667, 7669, 7670, 7671, 7672, 7674, 7675, 7677, 7683, 7685, 7686, 7687, 7689, 7690, 7692, 7693, 7694, 7696, 7697, 7701, 7703, 7705, 7709, 7711, 7718, 7719, 7722, 7723, 7725, 7726, 7728, 7730, 7734, 7736, 7737, 7743, 7744, 7746, 7748, 7749, 7750, 7752, 7753, 7755, 7756, 7757, 7761, 7762, 7763, 7766, 7768, 7769, 7774, 7775, 7777, 7778, 7780, 7781, 7787, 7788, 7789, 7791, 7796, 7797, 7798, 7799, 7800, 7801, 7803, 7804, 7805, 7806, 7807, 7808, 7810, 7811, 7812, 7815, 7818, 7821, 7823, 7826, 7828, 7830, 7834, 7836, 7837, 7839, 7840, 7844, 7846, 7848, 7849, 7850, 7854, 7855, 7856, 7857, 7858, 7859, 7863, 7866, 7868, 7870, 7871, 7874, 7882, 7883, 7884, 7885, 7887, 7892, 7895, 7896, 7897, 7899, 7900, 7901, 7902, 7905, 7911, 7913, 7915, 7920, 7922, 7923, 7924, 7926, 7928, 7935, 7946, 7947, 7948, 7950, 7951, 7952, 7954, 7955, 7959, 7961, 7963, 7968, 7973, 7975, 7976, 7977, 7978, 7981, 7983, 7984, 7991, 7994, 7996, 7997, 8004, 8008, 8009, 8013, 8017, 8021, 8022, 8023, 8024, 8025, 8027, 8028, 8029, 8031, 8034, 8037, 8039, 8040, 8044, 8046, 8051, 8053, 8056, 8057, 8059, 8063, 8064, 8065, 8068, 8069, 8070, 8071, 8072, 8073, 8074, 8075, 8077, 8078, 8079, 8082, 8083, 8084, 8085, 8086, 8089, 8090, 8091, 8094, 8095, 8096, 8098, 8099, 8100, 8104, 8105, 8108, 8109, 8115, 8119, 8120, 8121, 8124, 8125, 8128, 8130, 8131, 8138, 8140, 8142, 8144, 8145, 8146, 8147, 8148, 8149, 8150, 8152, 8154, 8155, 8157, 8158, 8160, 8161, 8162, 8163, 8166, 8167, 8171, 8174, 8176, 8180, 8183, 8184, 8185, 8187, 8194, 8195, 8198, 8200, 8201, 8203, 8205, 8206, 8210, 8212, 8214, 8215, 8216, 8221, 8223, 8230, 8231, 8232, 8236, 8239, 8241, 8242, 8243, 8244, 8249, 8251, 8252, 8255, 8259, 8260, 8261, 8264, 8265, 8266, 8271, 8272, 8274, 8277, 8280, 8282, 8283, 8284, 8287, 8289, 8292, 8295, 8297, 8301, 8302, 8306, 8307, 8309, 8311, 8312, 8324, 8325, 8329, 8331, 8332, 8335, 8336, 8337, 8338, 8339, 8341, 8343, 8346, 8349, 8350, 8357, 8358, 8361, 8367, 8370, 8376, 8378, 8383, 8385, 8388, 8390, 8397, 8398, 8399, 8401, 8402, 8403, 8404, 8405, 8407, 8409, 8413, 8416, 8417, 8418, 8420, 8421, 8427, 8429, 8430, 8432, 8435, 8436, 8437, 8438, 8439, 8447, 8451, 8460, 8462, 8464, 8466, 8469, 8476, 8477, 8479, 8480, 8481, 8483, 8485, 8489, 8490, 8491, 8492, 8493, 8494, 8497, 8500, 8504, 8507, 8508, 8512, 8513, 8516, 8521, 8522, 8525, 8526, 8527, 8528, 8530, 8532, 8533, 8536, 8537, 8539, 8541, 8543, 8544, 8545, 8547, 8548, 8549, 8550, 8551, 8554, 8555, 8557, 8560, 8563, 8567, 8570, 8571, 8572, 8575, 8577, 8580, 8583, 8584, 8588, 8593, 8594, 8595, 8599, 8602, 8603, 8604, 8607, 8611, 8617, 8620, 8622, 8626, 8629, 8631, 8633, 8636, 8639, 8640, 8641, 8643, 8644, 8647, 8650, 8651, 8655, 8656, 8658, 8659, 8661, 8663, 8672, 8674, 8678, 8683, 8685, 8686, 8687, 8689, 8691, 8693, 8694, 8697, 8698, 8700, 8701, 8707, 8708, 8710, 8711, 8715, 8717, 8721, 8722, 8730, 8732, 8734, 8737, 8739, 8747, 8748, 8757, 8759, 8760, 8761, 8762, 8766, 8767, 8769, 8770, 8773, 8774, 8775, 8777, 8780, 8781, 8782, 8783, 8788, 8790, 8791, 8792, 8795, 8798, 8800, 8802, 8806, 8811, 8812, 8815, 8818, 8820, 8824, 8825, 8827, 8830, 8833, 8836, 8839, 8843, 8844, 8845, 8846, 8848, 8851, 8852, 8854, 8855, 8856, 8858, 8862, 8869, 8871, 8873, 8875, 8879, 8881, 8883, 8885, 8888, 8889, 8890, 8891, 8892, 8895, 8897, 8905, 8908, 8910, 8911, 8914, 8915, 8916, 8921, 8923, 8924, 8929, 8930, 8932, 8934, 8937, 8939, 8944, 8949, 8952, 8956, 8958, 8959, 8960, 8961, 8963, 8964, 8966, 8967, 8969, 8972, 8974, 8980, 8982, 8983, 8990, 8992, 8993, 8998, 9000, 9001, 9003, 9005, 9007, 9008, 9012, 9013, 9017, 9019, 9022, 9023, 9027, 9028, 9029, 9031, 9032, 9035, 9037, 9039, 9040, 9043, 9047, 9048, 9053, 9055, 9058, 9060, 9062, 9064, 9065, 9066, 9067, 9068, 9069, 9074, 9075, 9076, 9077, 9080, 9081, 9083, 9084, 9087, 9088, 9089, 9091, 9095, 9096, 9097, 9099, 9101, 9105, 9109, 9112, 9113, 9114, 9115, 9120, 9121, 9122, 9128, 9129, 9132, 9139, 9145, 9149, 9150, 9151, 9155, 9156, 9158, 9159, 9160, 9163, 9165, 9166, 9169, 9172, 9176, 9177, 9178, 9179, 9181, 9183, 9185, 9186, 9190, 9197, 9198, 9201, 9205, 9206, 9207, 9208, 9210, 9212, 9213, 9219, 9225, 9226, 9227, 9229, 9231, 9235, 9240, 9241, 9246, 9247, 9248, 9250, 9252, 9254, 9256, 9257, 9259, 9261, 9263, 9267, 9268, 9269, 9272, 9274, 9275, 9277, 9279, 9280, 9281, 9286, 9289, 9292, 9294, 9295, 9296, 9300, 9303, 9306, 9308, 9312, 9315, 9317, 9318, 9319, 9321, 9322, 9323, 9324, 9325, 9330, 9331, 9333, 9334, 9337, 9338, 9341, 9349, 9350, 9352, 9353, 9354, 9355, 9356, 9357, 9359, 9365, 9367, 9368, 9369, 9371, 9373, 9375, 9377, 9378, 9381, 9382, 9383, 9388, 9390, 9396, 9401, 9402, 9403, 9404, 9413, 9418, 9421, 9422, 9424, 9425, 9427, 9429, 9430, 9431, 9433, 9434, 9437, 9438, 9440, 9442, 9443, 9445, 9446, 9448, 9451, 9454, 9455, 9458, 9459, 9460, 9462, 9463, 9466, 9467, 9469, 9472, 9474, 9479, 9482, 9484, 9487, 9489, 9491, 9494, 9497, 9500, 9501, 9503, 9504, 9505, 9506, 9507, 9509, 9513, 9516, 9518, 9520, 9521, 9523, 9525, 9531, 9532, 9533, 9535, 9537, 9538, 9541, 9542, 9545, 9549, 9553, 9555, 9556, 9557, 9558, 9559, 9560, 9561, 9564, 9565, 9567, 9571, 9572, 9573, 9576, 9579, 9582, 9585, 9586, 9587, 9588, 9589, 9591, 9592, 9593, 9594, 9596, 9598, 9603, 9608, 9609, 9611, 9612, 9614, 9615, 9616, 9618, 9619, 9623, 9624, 9626, 9627, 9629, 9630, 9633, 9635, 9638, 9642, 9644, 9645, 9650, 9651, 9654, 9655, 9658, 9659, 9660, 9661, 9664, 9667, 9668, 9670, 9672, 9673, 9674, 9681, 9684, 9686, 9687, 9688, 9689, 9692, 9698, 9700, 9703, 9704, 9705, 9708, 9710, 9713, 9718, 9723, 9725, 9731, 9732, 9735, 9737, 9740, 9741, 9743, 9744, 9746, 9748, 9749, 9753, 9754, 9758, 9759, 9760, 9761, 9763, 9767, 9768, 9769, 9774, 9776, 9780, 9785, 9787, 9788, 9789, 9792, 9793, 9795, 9796, 9798, 9799, 9804, 9805, 9806, 9807, 9809, 9811, 9812, 9815, 9818, 9820, 9824, 9827, 9830, 9833, 9834, 9837, 9839, 9843, 9849, 9850, 9851, 9854, 9856, 9859, 9860, 9861, 9863, 9868, 9869, 9874, 9877, 9878, 9879, 9880, 9883, 9886, 9889, 9890, 9891, 9892, 9893, 9898, 9901, 9903, 9906, 9909, 9911, 9913, 9914, 9916, 9917, 9918, 9919, 9923, 9926, 9927, 9928, 9929, 9934, 9937, 9938, 9939, 9940, 9941, 9943, 9951, 9953, 9957, 9961, 9962, 9963, 9964, 9966, 9967, 9968, 9970, 9971, 9972, 9974, 9977, 9979, 9982, 9991, 9993]
Packed_weights: [162, 822, 927, 732, 549, 997, 984, 853, 786, 927, 763, 838, 471, 907, 987, 825, 820, 987, 465, 435, 201, 961, 786, 997, 540, 814, 831, 840, 561, 858, 225, 729, 979, 54, 465, 552, 147, 423, 465, 12, 678, 726, 558, 501, 960, 669, 729, 783, 988, 777, 858, 654, 6, 868, 216, 54, 766, 931, 756, 954, 784, 825, 927, 591, 108, 927, 615, 769, 582, 942, 847, 459, 984, 507, 856, 657, 513, 979, 820, 357, 795, 948, 805, 225, 816, 528, 832, 84, 186, 780, 558, 504, 63, 60, 534, 921, 489, 892, 681, 27, 669, 753, 760, 748, 300, 612, 501, 759, 717, 769, 777, 462, 231, 766, 165, 934, 841, 991, 198, 354, 732, 30, 222, 171, 750, 876, 477, 9, 693, 837, 843, 231, 471, 925, 273, 282, 18, 210, 408, 645, 219, 561, 66, 492, 732, 912, 879, 1000, 453, 748, 141, 693, 540, 243, 745, 762, 765, 919, 877, 198, 228, 153, 817, 972, 759, 933, 231, 408, 162, 774, 327, 102, 969, 871, 808, 954, 192, 927, 228, 480, 744, 873, 826, 913, 792, 900, 294, 846, 732, 84, 760, 288, 327, 519, 402, 285, 732, 75, 621, 910, 783, 871, 474, 321, 393, 825, 102, 864, 880, 835, 591, 117, 889, 306, 699, 288, 576, 975, 961, 90, 768, 732, 916, 375, 390, 820, 988, 564, 666, 69, 999, 780, 850, 778, 984, 435, 498, 654, 909, 898, 756, 228, 462, 174, 411, 513, 255, 765, 799, 738, 411, 351, 546, 177, 213, 498, 900, 471, 759, 711, 982, 996, 480, 790, 807, 156, 381, 877, 838, 444, 588, 444, 486, 910, 189, 954, 573, 132, 186, 348, 489, 627, 937, 615, 504, 537, 471, 993, 663, 441, 219, 555, 432, 219, 744, 966, 282, 528, 916, 18, 904, 327, 567, 810, 150, 880, 627, 900, 988, 934, 609, 42, 852, 198, 129, 811, 756, 948, 811, 117, 366, 375, 796, 423, 832, 222, 567, 264, 726, 180, 81, 225, 654, 693, 207, 924, 987, 558, 846, 906, 519, 471, 763, 309, 817, 396, 255, 933, 825, 507, 975, 982, 822, 465, 603, 240, 534, 96, 772, 465, 471, 6, 891, 252, 871, 372, 333, 381, 138, 781, 976, 414, 787, 363, 883, 36, 324, 483, 240, 864, 195, 984, 42, 21, 741, 726, 564, 444, 768, 937, 726, 531, 474, 93, 792, 105, 954, 763, 513, 991, 96, 660, 823, 877, 760, 435, 850, 354, 432, 672, 880, 723, 805, 949, 459, 864, 819, 129, 291, 510, 96, 660, 895, 258, 147, 714, 870, 492, 561, 822, 129, 762, 648, 564, 600, 555, 958, 465, 756, 597, 1000, 759, 30, 702, 381, 642, 817, 465, 408, 805, 832, 354, 954, 51, 174, 931, 477, 876, 591, 828, 27, 234, 207, 847, 471, 790, 363, 832, 357, 453, 336, 117, 576, 744, 168, 228, 192, 366, 822, 907, 339, 924, 432, 360, 847, 846, 39, 603, 880, 138, 333, 138, 729, 237, 993, 312, 159, 615, 141, 84, 144, 738, 865, 916, 742, 495, 804, 808, 972, 159, 411, 291, 228, 757, 195, 952, 132, 786, 895, 15, 975, 954, 429, 957, 781, 799, 642, 291, 834, 738, 81, 477, 838, 258, 423, 988, 636, 594, 828, 790, 988, 996, 940, 966, 828, 777, 969, 856, 891, 315, 780, 972, 850, 156, 936, 975, 426, 717, 916, 426, 952, 748, 855, 564, 834, 435, 696, 862, 201, 799, 312, 18, 751, 931, 624, 234, 624, 309, 681, 381, 811, 168, 786, 835, 654, 372, 913, 561, 853, 744, 237, 751, 772, 672, 819, 150, 375, 333, 72, 690, 225, 210, 69, 126, 72, 192, 924, 766, 799, 970, 39, 405, 195, 930, 996, 528, 510, 654, 135, 477, 549, 849, 837, 450, 808, 315, 741, 123, 906, 27, 288, 435, 903, 859, 925, 714, 889, 231, 853, 789, 790, 297, 753, 976, 540, 372, 312, 36, 745, 312, 954, 414, 492, 606, 105, 561, 492, 738, 222, 834, 111, 579, 789, 976, 831, 207, 687, 774, 600, 900, 741, 985, 546, 900, 246, 660, 225, 919, 894, 672, 165, 873, 267, 880, 219, 690, 318, 912, 726, 639, 726, 387, 330, 859, 90, 855, 564, 147, 501, 54, 30, 504, 249, 933, 717, 868, 24, 552, 931, 819, 909, 264, 102, 252, 714, 892, 357, 342, 243, 979, 895, 480, 958, 967, 93, 432, 781, 757, 318, 855, 754, 213, 3, 333, 51, 967, 1000, 48, 123, 3, 387, 717, 543, 150, 471, 519, 507, 993, 969, 441, 318, 399, 763, 45, 951, 54, 561, 651, 510, 642, 216, 45, 201, 829, 750, 774, 930, 765, 444, 261, 603, 816, 868, 876, 9, 939, 853, 189, 861, 510, 853, 759, 21, 940, 787, 573, 988, 915, 955, 853, 927, 522, 183, 775, 627, 754, 705, 769, 829, 453, 775, 375, 981, 171, 462, 549, 588, 258, 814, 396, 765, 951, 849, 234, 861, 747, 630, 306, 912, 828, 603, 561, 850, 522, 786, 990, 862, 924, 909, 928, 868, 816, 999, 898, 597, 309, 837, 936, 291, 612, 333, 964, 510, 453, 399, 273, 96, 504, 999, 982, 297, 573, 93, 348, 864, 880, 792, 285, 906, 459, 300, 246, 522, 825, 63, 111, 420, 303, 810, 384, 192, 249, 84, 303, 957, 531, 672, 921, 537, 444, 39, 702, 558, 27, 540, 987, 796, 267, 990, 945, 261, 222, 528, 327, 745, 222, 988, 651, 621, 984, 747, 915, 282, 769, 483, 684, 952, 102, 267, 915, 192, 837, 120, 991, 558, 438, 126, 213, 234, 288, 300, 744, 144, 192, 414, 360, 669, 210, 919, 525, 474, 252, 594, 942, 480, 900, 45, 36, 942, 669, 51, 3, 790, 913, 339, 153, 186, 537, 874, 612, 864, 258, 757, 996, 991, 951, 783, 868, 294, 591, 450, 832, 309, 967, 375, 444, 120, 456, 856, 802, 784, 828, 915, 945, 1000, 951, 267, 357, 822, 930, 165, 87, 297, 468, 816, 775, 498, 294, 847, 597, 982, 513, 159, 552, 279, 39, 759, 750, 300, 823, 651, 868, 996, 765, 663, 867, 747, 618, 342, 600, 823, 801, 411, 753, 297, 144, 796, 351, 678, 384, 204, 796, 849, 852, 441, 93, 6, 132, 766, 997, 591, 790, 177, 892, 654, 624, 99, 753, 787, 630, 853, 910, 357, 609, 771, 912, 414, 838, 612, 363, 948, 879, 378, 618, 270, 859, 171, 477, 807, 865, 255, 844, 480, 960, 912, 153, 871, 979, 870, 156, 816, 814, 997, 510, 960, 468, 237, 648, 222, 303, 111, 240, 336, 429, 75, 165, 993, 222, 732, 657, 54, 348, 570, 252, 240, 852, 994, 9, 240, 945, 354, 444, 624, 933, 273, 681, 925, 843, 570, 363, 276, 96, 618, 948, 354, 753, 477, 132, 12, 369, 129, 453, 579, 630, 612, 642, 51, 72, 393, 796, 24, 669, 826, 165, 621, 537, 907, 300, 790, 693, 997, 207, 516, 93, 126, 414, 663, 865, 96, 474, 192, 159, 678, 978, 945, 1000, 913, 651, 189, 714, 27, 936, 831, 822, 303, 498, 999, 543, 300, 618, 399, 877, 837, 885, 375, 276, 897, 888, 738, 801, 826, 778, 900, 760, 348, 336, 988, 582, 180, 949, 790, 528, 924, 714, 753, 756, 759, 826, 744, 567, 955, 585, 327, 309, 534, 973, 823, 150, 789, 525, 747, 570, 642, 666, 720, 474, 772, 930, 132, 999, 393, 105, 363, 489, 264, 765, 504, 886, 48, 129, 39, 405, 642, 588, 339, 603, 748, 999, 534, 982, 720, 970, 255, 351, 997, 594, 171, 732, 702, 84, 918, 171, 828, 348, 561, 787, 375, 423, 189, 108, 474, 621, 234, 468, 642, 420, 486, 396, 306, 462, 231, 189, 657, 258, 844, 219, 498, 354, 237, 432, 12, 925, 483, 787, 456, 651, 549, 462, 72, 261, 772, 327, 255, 657, 717, 66, 810, 835, 27, 874, 264, 150, 993, 345, 267, 534, 874, 258, 156, 768, 804, 24, 117, 979, 168, 993, 711, 123, 183, 973, 993, 399, 678, 879, 955, 420, 219, 252, 990, 246, 705, 858, 423, 819, 174, 369, 871, 30, 468, 954, 963, 339, 375, 672, 705, 804, 336, 789, 510, 819, 871, 757, 321, 414, 630, 561, 165, 769, 835, 900, 18, 916, 237, 786, 775, 201, 222, 390, 876, 156, 832, 934, 303, 961, 880, 204, 315, 852, 708, 606, 780, 78, 372, 6, 453, 970, 396, 907, 922, 856, 216, 177, 18, 3, 801, 916, 555, 909, 825, 955, 414, 976, 120, 33, 237, 829, 318, 808, 603, 273, 654, 519, 210, 660, 796, 249, 729, 264, 603, 760, 775, 846, 754, 396, 456, 753, 903, 807, 549, 889, 393, 87, 894, 264, 561, 916, 870, 744, 78, 582, 982, 504, 946, 798, 864, 898, 912, 868, 832, 888, 240, 856, 144, 957, 264, 354, 438, 45, 267, 552, 922, 354, 69, 960, 802, 757, 972, 748, 745, 820, 351, 745, 444, 808, 348, 877, 985, 285, 555, 948, 976, 6, 906, 516, 300, 279, 468, 903, 39, 933, 835, 645, 228, 732, 309, 888, 21, 898, 666, 276, 57, 657, 54, 369, 823, 720, 369, 864, 735, 772, 909, 492, 498, 369, 627, 906, 315, 810, 678, 357, 576, 916, 18, 939, 805, 907, 792, 213, 732, 960, 925, 618, 609, 279, 9, 405, 906, 360, 207, 819, 831, 841, 877, 480, 885, 979, 862, 210, 919, 255, 786, 594, 904, 348, 525, 876, 760, 408, 405, 957, 102, 612, 819, 456, 933, 522, 540, 270, 315, 840, 792, 726, 486, 48, 381, 795, 258, 889, 48, 24, 78, 850, 510, 996, 711, 372, 279, 861, 327, 330, 765, 958, 48, 252, 396, 270, 792, 492, 765, 636, 790, 492, 561, 141, 264, 804, 504, 798, 108, 867, 87, 942, 6, 120, 873, 552, 633, 769, 814, 234, 570, 231, 757, 846, 648, 462, 765, 933, 849, 774, 339, 880, 225, 747, 231, 24, 817, 702, 534, 90, 426, 33, 558, 720, 900, 741, 135, 456, 900, 327, 186, 306, 579, 945, 924, 799, 811, 921, 141, 885, 105, 756, 105, 282, 624, 919, 171, 459, 402, 423, 889, 123, 84, 468, 6, 585, 672, 315, 979, 910, 777, 12, 988, 708, 924, 426, 873, 507, 399, 964, 913, 402, 996, 720, 645, 99, 931, 982, 678, 841, 744, 847, 912, 132, 837, 147, 321, 168, 891, 786, 492, 997, 501, 771, 918, 846, 81, 675, 831, 885, 756, 159, 522, 399, 96, 51, 835, 198, 414, 847, 946, 525, 285, 948, 501, 823, 537, 609, 51, 69, 630, 879, 991, 396, 807, 63, 729, 39, 865, 891, 90, 705, 865, 952, 910, 690, 771, 954, 903, 651, 519, 69, 895, 687, 762, 483, 825, 387, 42, 282, 255, 177, 828, 492, 828, 123, 681, 867, 862, 684, 997, 882, 201, 642, 303, 675, 633, 300, 738, 399, 639, 612, 826, 471, 309, 129, 684, 66, 763, 900, 357, 186, 924, 690, 787, 870, 303, 852, 636, 969, 315, 543, 880, 958, 63, 948, 862, 183, 970, 813, 840, 372, 726, 847, 60, 483, 372, 936, 246, 60, 231, 876, 873, 919, 615, 807, 871, 952, 630, 498, 922, 811, 775, 966, 558, 255, 895, 934, 393, 54, 970, 231, 786, 456, 516, 531, 918, 612, 168, 993, 594, 754, 516, 78, 57, 873, 981, 321, 924, 901, 273, 933, 669, 916, 663, 862, 850, 876, 549, 891, 567, 177, 909, 225, 537, 483, 874, 528, 6, 126, 823, 201, 973, 57, 297, 928, 849, 90, 919, 808, 600, 543, 483, 456, 288, 513, 708, 988, 354, 892, 895, 711, 84, 252, 207, 519, 321, 345, 159, 927, 844, 823, 877, 201, 823, 823, 330, 925, 663, 909, 360, 42, 768, 907, 93, 360, 75, 775, 273, 276, 486, 420, 99, 570, 834, 810, 564, 345, 766, 306, 882, 615, 991, 948, 366, 195, 102, 972, 906, 225, 913, 991, 946, 982, 754, 45, 555, 201, 540, 234, 925, 357, 762, 741, 93, 267, 492, 636, 144, 96, 513, 381, 850, 978, 937, 784, 843, 126, 669, 666, 924, 624, 915, 793, 606, 42, 579, 669, 789, 555, 465, 799, 357, 954, 516, 570, 516, 829, 666, 426, 808, 762, 769, 786, 597, 864, 822, 468, 915, 939, 621, 844, 906, 318, 480, 919, 805, 804, 336, 624, 864, 456, 498, 528, 699, 618, 279, 249, 747, 810, 66, 69, 873, 966, 216, 33, 961, 873, 360, 912, 921, 892, 300, 732, 210, 714, 840, 955, 763, 456, 126, 768, 796, 624, 591, 549, 345, 528, 672, 847, 823, 447, 372, 642, 858, 864, 769, 384, 591, 907, 213, 720, 201, 993, 888, 447, 303, 264, 747, 579, 567, 711, 426, 351, 303, 96, 795, 603, 309, 426, 120, 856, 231, 333, 910, 288, 793, 952, 15, 645, 354, 318, 946, 735, 892, 36, 558, 54, 171, 309, 516, 417, 549, 861, 663, 297, 775, 315, 108, 988, 909, 477, 408, 931, 285, 907, 474, 784, 681, 513, 898, 249, 234, 429, 817, 210, 504, 606, 453, 826, 447, 408, 504, 228, 888, 976, 180, 411, 552, 528, 763, 102, 507, 594, 165, 793, 516, 357, 534, 847, 339, 261, 270, 840, 957, 327, 687, 955, 291, 246, 924, 435, 324, 915, 684, 255, 771, 390, 933, 540, 769, 66, 30, 375, 564, 183, 396, 318, 471, 198, 648, 820, 786, 832, 258, 96, 906, 303, 594, 27, 826, 726, 120, 597, 865, 597, 913, 922, 321, 850, 495, 579, 708, 279, 973, 24, 702, 372, 868, 636, 450, 609, 414, 216, 69, 450, 597, 888, 87, 183, 186, 126, 654, 45, 423, 883, 793, 871, 895, 876, 333, 657, 811, 567, 93, 525, 672, 909, 342, 186, 946, 276, 447, 934, 973, 846, 249, 870, 258, 774, 937, 982, 237, 795, 465, 855, 36, 558, 546, 396, 663, 862, 6, 958, 495, 606, 970, 757, 772, 930, 819, 870, 345, 693, 834, 892, 987, 297, 549, 763, 921, 588, 483, 897, 354, 459, 393, 846, 48, 831, 912, 937, 606, 345, 870, 213, 129, 915, 982, 774, 684, 756, 279, 645, 363, 342, 900, 147, 582, 648, 45, 363, 756, 330, 901, 976, 288, 945, 432, 204, 345, 988, 468, 726, 714, 606, 924, 843, 186, 946, 624, 591, 786, 114, 778, 42, 816, 327, 997, 966, 757, 666, 198, 6, 297, 714, 96, 381, 486, 939, 327, 904, 174, 54, 12, 78, 657, 396, 867, 880, 666, 786, 120, 633, 300, 901, 741, 609, 651, 811, 384, 999, 705, 315, 693, 699, 888, 802, 432, 279, 696, 763, 705, 937, 840, 252, 498, 819, 876, 342, 453, 877, 150, 754, 141, 745, 234, 856, 639, 690, 186, 777, 396, 945, 754, 453, 330, 195, 459, 492, 675, 507, 903, 564, 876, 411, 462, 384, 552, 741, 781, 51, 102, 150, 516, 784, 216, 745, 369, 264, 342, 57, 669, 934, 387, 957, 210, 519, 976, 981, 318, 534, 771, 982, 606, 832, 99, 408, 768, 913, 561, 510, 405, 507, 207, 18, 865, 985, 807, 45, 15, 525, 943, 138, 345, 492, 970, 955, 669, 702, 936, 159, 741, 753, 808, 774, 144, 198, 993, 21, 195, 832, 432, 627, 862, 874, 603, 75, 522, 837, 802, 982, 790, 874, 798, 285, 936, 996, 465, 117, 883, 747, 477, 783, 984, 772, 789, 507, 684, 906, 162, 99, 859, 330, 537, 102, 102, 717, 867, 714, 690, 970, 720, 807, 666, 822, 879, 588, 666, 945, 639, 967, 805, 816, 937, 846, 801, 57, 540, 144, 390, 681, 636, 810, 480, 324, 933, 318, 913, 351, 117, 264, 564, 778, 826, 468, 492, 916, 594, 823, 627, 850, 582, 811, 826, 723, 789, 33, 945, 450, 660, 279, 354, 249, 21, 270, 924, 468, 285, 234, 699, 919, 126, 693, 471, 799, 808, 786, 501, 825, 585, 255, 90, 585, 774, 708, 969, 988, 543, 855, 753, 666, 966, 817, 964, 940, 579, 787, 48, 775, 3, 54, 555, 778, 45, 147, 276, 498, 237, 702, 807, 567, 993, 912, 660, 933, 21, 888, 915, 309, 915, 405, 892, 114, 910, 201, 990, 786, 159, 870, 754, 942, 879, 3, 838, 135, 15, 868, 966, 426, 450, 913, 633, 799, 687, 519, 750, 333, 45, 952, 537, 78, 783, 928, 867, 354, 198, 105, 918, 796, 240, 999, 327, 919, 597, 300, 771, 985, 357, 723, 844, 741, 600, 813, 846, 402, 948, 723, 213, 114, 936, 967, 153, 288, 153, 717, 561, 243, 225, 213, 333, 747, 702, 249, 516, 693, 630, 804, 303, 141, 543, 129, 525, 336, 732, 946, 96, 786, 1000, 33, 879, 807, 204, 909, 949, 522, 411, 976, 468, 39, 243, 985, 504, 414, 792, 954, 838, 865, 468, 63, 970, 702, 895, 951, 940, 105, 9, 747, 787, 90, 970, 234, 963, 129, 862, 751, 729, 63, 886, 921, 985, 994, 300, 114, 798, 819, 75, 928, 720, 955, 546, 636, 51, 823, 255, 906, 996, 420, 312, 132, 282, 801, 793, 249, 153, 486, 778, 261, 360, 868, 877, 81, 9, 132, 799, 381, 687, 912, 763, 981, 255, 994, 850, 840, 804, 270, 390, 820, 294, 948, 927, 648, 582, 726, 336, 339, 132, 814, 216, 459, 802, 672, 831, 975, 315, 291, 669, 534, 838, 318, 853, 768, 660, 30, 216, 366, 435, 108, 366, 291, 798, 510, 186, 792, 57, 960, 937, 717, 930, 12, 687, 834, 832, 549, 816, 390, 336, 411, 909, 30, 861, 906, 477, 798, 778, 51, 198, 793, 606, 946, 120, 414, 291, 1000, 231, 276, 888, 504, 904, 858, 369, 345, 321, 453, 339, 901, 793, 543, 799, 957, 261, 204, 87, 351, 486, 999, 796, 760, 378, 801, 576, 741, 979, 877, 775, 42, 892, 690, 1000, 799, 799, 612, 861, 855, 937, 6, 958, 783, 252, 495, 459, 1000, 705, 201, 804, 903, 714, 411, 87, 717, 810, 865, 489, 396, 426, 882, 504, 696, 780, 279, 987, 672, 369, 285, 823, 783, 78, 810, 222, 654, 51, 570, 967, 741, 645, 297, 168, 900, 318, 645, 99, 990, 735, 859, 510, 973, 984, 642, 967, 3, 919, 696, 793, 850, 339, 255, 291, 912, 951, 9, 558, 669, 594, 483, 943, 288, 102, 246, 624, 378, 946, 970, 753, 564, 693, 933, 954, 858, 765, 36, 57, 765, 981, 492, 768, 543, 138, 354, 748, 720, 285, 255, 814, 681, 288, 504, 171, 826, 522, 910, 894, 198, 879, 651, 264, 735, 453, 36, 687, 913, 702, 931, 867, 651, 922, 757, 675, 829, 802, 306, 489, 129, 924, 729, 820, 910, 219, 681, 432, 708, 639, 763, 486, 820, 979, 462, 936, 903, 420, 558, 417, 231, 973, 309, 882, 492, 769, 834, 973, 817, 159, 955, 567, 748, 399, 811, 459, 933, 333, 204, 21, 351, 615, 732, 801, 864, 552, 901, 444, 519, 996, 108, 738, 348, 913, 717, 369, 105, 558, 802, 876, 144, 222, 504, 774, 432, 781, 432, 760, 24, 759, 916, 357, 375, 123, 759, 702, 993, 612, 336, 825, 886, 763, 216, 861, 111, 531, 210, 852, 378, 54, 976, 889, 627, 456, 261, 9, 766, 531, 942, 808, 333, 531, 141, 195, 177, 318, 417, 834, 912, 210, 369, 513, 486, 60, 808, 327, 141, 573, 903, 654, 54, 273, 870, 447, 855, 849, 471, 828, 906, 861, 42, 384, 708, 420, 6, 856, 681, 402, 348, 753, 957, 27, 735, 838, 766, 915, 696, 30, 501, 735, 126, 342, 873, 342, 738, 477, 210, 510, 813, 681, 393, 243, 751, 36, 189, 840, 660, 384, 808, 759, 135, 838, 138, 708, 708, 432, 906, 904, 75, 916, 967, 930, 111, 627, 393, 162, 117, 822, 576, 796, 114, 201, 810, 606, 883, 766, 366, 642, 3, 228, 30, 522, 669, 243, 21, 666, 177, 960, 666, 126, 339, 780, 717, 990, 811, 417, 39, 645, 949, 904, 384, 879, 540, 456, 910, 489, 958, 477, 357, 105, 315, 327, 723, 477, 696, 928, 51, 426, 165, 543, 852, 519, 910, 39, 537, 600, 171, 705, 447, 790, 513, 456, 711, 798, 744, 84, 630, 856, 772, 123, 909, 963, 252, 708, 207, 528, 985, 732, 799, 909, 960, 765, 832, 684, 597, 363, 168, 90, 504, 60, 126, 907, 745, 855, 862, 573, 225, 315, 841, 204, 36, 750, 826, 405, 486, 993, 895, 795, 492, 333, 789, 970, 216, 906, 778, 954, 261, 384, 943, 654, 288, 114, 873, 787, 354, 237, 540, 15, 838, 12, 576, 889, 171, 240, 765, 834, 264, 357, 820, 714, 180, 904, 835, 399, 507, 396, 672, 693, 853, 72, 222, 633, 814, 645, 804, 234, 351, 660, 837, 288, 156, 837, 318, 393, 144, 930, 237, 627, 315, 273, 948, 234, 825, 495, 801, 954, 33, 945, 93, 786, 760, 126, 862, 970, 678, 997, 222, 387, 219, 477, 970, 744, 657, 114, 780, 960, 444, 189, 708, 801, 681, 66, 994, 315, 171, 681, 417, 858, 936, 9, 486, 33, 835, 832, 886, 603, 63, 766, 858, 973, 844, 507, 835, 882, 354, 81, 438, 162, 948, 549, 378, 582, 751, 441, 954, 258, 796, 717, 87, 270, 886, 390, 913, 759, 777, 387, 862, 624, 33, 498, 420, 849, 516, 135, 699, 99, 672, 931, 699, 126, 501, 438, 636, 981, 802, 843, 228, 432, 838, 117, 501, 93, 868, 928, 943, 201, 769, 925, 282, 591, 981, 876, 600, 775, 330, 837, 939, 843, 489, 144, 72, 999, 591, 384, 978, 510, 790, 790, 219, 381, 802, 153, 648, 30, 915, 756, 849, 597, 841, 612, 757, 534, 273, 732, 213, 360, 201, 856, 582, 423, 339, 772, 45, 835, 795, 201, 279, 321, 24, 853, 456, 759, 522, 549, 378, 657, 342, 54, 348, 919, 225, 844, 699, 762, 261, 789, 900, 933, 909, 438, 771, 135, 129, 612, 918, 573, 123, 543, 594, 489, 1000, 540, 882, 975, 264, 315, 243, 963, 928, 3, 219, 27, 312, 555, 745, 778, 627, 763, 762, 796, 787, 823, 816, 928, 423, 534, 817, 642, 333, 453, 895, 931, 570, 108, 985, 258, 171, 42, 936, 903, 195, 855, 783, 459, 363, 633, 985, 672, 222, 354, 861, 330, 597, 318, 132, 18, 240, 741, 567, 180, 816, 967, 765, 567, 786, 546, 994, 1000, 63, 909, 771, 879, 808, 129, 795, 877, 783, 699, 903, 429, 888, 669, 108, 372, 615, 999, 741, 892, 405, 930, 18, 978, 754, 462, 231, 826, 780, 729, 372, 585, 534, 943, 330, 168, 165, 369, 904, 369, 693, 822, 159, 768, 276, 780, 531, 942, 252, 75, 567, 240, 594, 714, 609, 585, 267, 822, 952, 744, 901, 862, 915, 78, 925, 207, 972, 984, 636, 867, 915, 522, 246, 657, 444, 981, 729, 75, 732, 483, 768, 150, 717, 873, 799, 312, 255, 603, 913, 936, 931, 96, 915, 387, 525, 510, 312, 333, 982, 585, 912, 27, 885, 745, 957, 585, 381, 882, 936, 537, 489, 729, 711, 159, 654, 414, 582, 799, 808, 198, 408, 838, 942, 429, 645, 33, 801, 696, 204, 870, 345, 507, 15, 642, 516, 27, 75, 978, 39, 714, 864, 291, 738, 144, 147, 765, 993, 90, 957, 726, 621, 447, 846, 501, 42, 987, 928, 408, 925, 207, 330, 994, 982, 54, 801, 931, 759, 817, 516, 793, 459, 324, 871, 669, 775, 606, 705, 774, 588, 666, 978, 823, 93, 459, 777, 639, 555, 318, 951, 123, 636, 963, 411, 792, 78, 787, 381, 804, 912, 207, 84, 681, 108, 318, 874, 36, 531, 288, 501, 114, 708, 345, 519, 930, 255, 516, 816, 747, 975, 21, 777, 846, 825, 378, 805, 597, 720, 867, 940, 147, 435, 784, 906, 585, 207, 898, 357, 402, 96, 853, 792, 651, 775, 168, 99, 982, 954, 747, 751, 513, 954, 907, 936, 708, 207, 879, 780, 907, 570, 543, 108, 183, 279, 681, 702, 871, 889, 345, 726, 549, 567, 459, 165, 838, 507, 615, 141, 564, 57, 273, 735, 657, 513, 912, 792, 435, 162, 858, 249, 924, 555, 528, 904, 757, 78, 954, 48, 618, 270, 913, 960, 663, 174, 159, 189, 936, 819, 252, 826, 852, 880, 877, 123, 970, 861, 918, 801, 309, 913, 93, 846, 942, 696, 868, 850, 811, 841, 837, 234, 921, 354, 225, 754, 802, 192, 276, 681, 282, 769, 117, 735, 297, 504, 939, 504, 129, 507, 648, 609, 889, 969, 877, 108, 927, 6, 780, 207, 912, 904, 907, 168, 892, 729, 12, 796, 735, 207, 672, 138, 990, 9, 762, 916, 510, 18, 618, 249, 961, 432, 909, 979, 669, 753, 321, 132, 336, 549, 624, 588, 732, 309, 949, 201, 937, 237, 798, 873, 477, 859, 282, 99, 832, 366, 429, 729, 588, 738, 54, 180, 585, 708, 405, 789, 621, 252, 459, 957, 69, 816, 837, 570, 267, 817, 108, 456, 657, 315, 195, 990, 846, 865, 816, 864, 750, 333, 789, 393, 969, 871, 763, 856, 564, 762, 306, 763, 825, 918, 510, 273, 60, 411, 654, 93, 852, 805, 964, 564, 603, 294, 270, 78, 889, 939, 555, 783, 856, 799, 216, 456, 981, 765, 231, 126, 892, 240, 441, 42, 940, 984, 714, 843, 633, 969, 270, 504, 486, 486, 969, 555, 934, 931, 903, 222, 897, 817, 54, 993, 967, 889, 877, 501, 778, 99, 969, 270, 114, 486, 129, 874, 789, 486, 399, 850, 675, 294, 132, 201, 984, 834, 219, 993, 48, 441, 964, 862, 141, 931, 48, 435, 621, 504, 300, 435, 888, 456, 651, 93, 504, 826, 9, 951, 714, 868, 141, 102, 564, 483, 546, 459, 820, 48, 645, 988, 237, 901, 456, 321, 27, 874, 411, 582, 846, 814, 345, 3, 732, 648, 660, 865, 171, 174, 783, 201, 375, 897, 931, 555, 756, 111, 354, 876, 663, 360, 817, 922, 186, 192, 123, 234, 934, 754, 946, 615, 723, 982, 435, 822, 994, 942, 891, 754, 882, 973, 885, 270, 531, 345, 748, 294, 69, 489, 123, 790, 567, 967, 763, 408, 258, 39, 954, 477, 931, 447, 660, 426, 114, 714, 870, 414, 849, 459, 870, 621, 943, 819, 498, 600, 396, 850, 772, 42, 606, 940]

