Test case: kplib-master/12Circle/n00050/R01000/s005.kp
Run time: 0.06736540794372559 seconds
Total value = 268001
Total weight = 12719
Packed items: [3, 7, 8, 9, 10, 11, 19, 24, 25, 27, 29, 30, 31, 33, 35, 37, 38, 44, 49]
Packed_weights: [943, 466, 944, 649, 901, 114, 917, 618, 127, 872, 216, 983, 873, 962, 678, 941, 691, 146, 678]

Test case: kplib-master/12Circle/n00100/R10000/s000.kp
Run time: 4.5307371616363525 seconds
Total value = 19329757
Total weight = 289961
Packed items: [1, 3, 6, 10, 13, 14, 16, 17, 19, 23, 24, 26, 27, 29, 31, 33, 36, 37, 39, 41, 45, 47, 49, 55, 58, 63, 71, 73, 76, 78, 79, 80, 81, 86, 87, 88, 89, 90, 91, 99]
Packed_weights: [7580, 2590, 7838, 9082, 7559, 6184, 9098, 9828, 9022, 6840, 4722, 4342, 6109, 9667, 8654, 8051, 7198, 3989, 6682, 4936, 8705, 5676, 9676, 9329, 7066, 6032, 1868, 6567, 7577, 9234, 8425, 8982, 9231, 8117, 8495, 8951, 5899, 9498, 5797, 4865]

Test case: kplib-master/12Circle/n00200/R01000/s017.kp
Run time: 0.05129814147949219 seconds
Total value = 1075229
Total weight = 51029
Packed items: [0, 1, 2, 5, 6, 10, 11, 14, 15, 17, 20, 22, 24, 25, 29, 31, 33, 36, 37, 43, 45, 47, 49, 52, 53, 55, 60, 64, 71, 73, 75, 78, 81, 82, 83, 90, 91, 92, 93, 96, 104, 106, 109, 112, 117, 122, 124, 126, 130, 133, 134, 138, 139, 140, 142, 143, 144, 145, 147, 148, 152, 156, 157, 162, 165, 169, 170, 172, 183, 184, 187, 188, 189, 190, 192, 198]
Packed_weights: [522, 807, 961, 705, 662, 747, 253, 847, 946, 999, 876, 706, 956, 211, 310, 940, 997, 814, 920, 960, 775, 239, 958, 268, 787, 604, 917, 579, 634, 310, 987, 565, 732, 960, 591, 843, 537, 805, 921, 926, 637, 533, 296, 393, 968, 365, 745, 423, 930, 368, 999, 592, 519, 524, 576, 704, 765, 450, 505, 537, 988, 212, 268, 907, 99, 537, 760, 650, 820, 976, 751, 340, 758, 831, 731, 495]

Test case: kplib-master/12Circle/n00500/R01000/s001.kp
Run time: 180.07817578315735 seconds
Total value = 2607828
Total weight = 123764
Packed items: [1, 2, 5, 7, 12, 15, 17, 18, 22, 23, 25, 28, 41, 44, 47, 48, 53, 54, 55, 61, 62, 63, 65, 66, 67, 68, 69, 74, 75, 76, 79, 82, 86, 89, 90, 93, 94, 97, 98, 101, 104, 116, 119, 121, 122, 134, 138, 142, 145, 148, 149, 153, 155, 156, 159, 163, 164, 165, 170, 171, 173, 174, 175, 176, 178, 182, 183, 187, 188, 189, 193, 198, 201, 202, 206, 208, 210, 212, 215, 217, 220, 221, 224, 226, 231, 232, 233, 235, 240, 241, 245, 249, 250, 251, 252, 255, 256, 261, 263, 264, 265, 269, 272, 273, 275, 276, 277, 282, 283, 285, 288, 289, 290, 293, 296, 297, 303, 304, 308, 313, 318, 324, 327, 329, 330, 331, 332, 338, 339, 344, 351, 352, 355, 356, 362, 366, 370, 371, 374, 382, 390, 391, 393, 394, 396, 397, 399, 401, 403, 407, 410, 412, 413, 415, 418, 420, 426, 429, 433, 435, 438, 439, 440, 442, 443, 444, 448, 450, 454, 456, 459, 461, 463, 466, 469, 478, 480, 482, 483, 491, 494, 495]
Packed_weights: [848, 764, 450, 789, 763, 722, 946, 902, 940, 382, 423, 438, 860, 722, 423, 831, 847, 506, 590, 549, 704, 675, 439, 509, 779, 521, 394, 984, 594, 394, 983, 861, 578, 548, 958, 821, 887, 519, 562, 871, 505, 862, 817, 842, 674, 169, 323, 421, 900, 606, 818, 719, 705, 679, 976, 649, 395, 576, 968, 876, 859, 311, 940, 744, 253, 820, 963, 974, 705, 509, 675, 297, 872, 900, 988, 340, 675, 933, 688, 986, 85, 170, 760, 842, 604, 955, 888, 552, 789, 829, 379, 267, 891, 565, 926, 788, 828, 886, 240, 989, 422, 745, 379, 971, 295, 254, 478, 983, 296, 450, 914, 970, 970, 618, 689, 662, 281, 984, 941, 848, 579, 552, 636, 793, 494, 863, 155, 777, 985, 920, 904, 804, 747, 690, 253, 550, 396, 339, 647, 829, 649, 439, 732, 239, 479, 226, 561, 918, 647, 878, 884, 693, 849, 702, 857, 961, 758, 718, 730, 982, 268, 913, 960, 776, 842, 660, 972, 803, 127, 960, 409, 296, 750, 439, 606, 792, 974, 491, 856, 748, 762, 974]

Test case: kplib-master/12Circle/n01000/R01000/s019.kp
Run time: 180.04482531547546 seconds
Total value = 5034768
Total weight = 238944
Packed items: [0, 2, 4, 5, 11, 13, 14, 21, 22, 27, 30, 31, 32, 33, 36, 37, 42, 45, 47, 52, 57, 62, 65, 68, 72, 75, 80, 81, 82, 83, 86, 87, 92, 94, 95, 96, 97, 99, 101, 102, 103, 106, 109, 111, 115, 117, 119, 120, 122, 126, 127, 128, 131, 132, 140, 141, 142, 143, 145, 147, 149, 153, 159, 160, 164, 167, 168, 169, 170, 171, 172, 175, 185, 187, 191, 192, 194, 197, 200, 203, 205, 206, 208, 209, 213, 215, 222, 223, 227, 231, 232, 235, 236, 237, 238, 239, 247, 250, 255, 257, 258, 260, 261, 267, 273, 275, 276, 280, 281, 282, 286, 287, 288, 291, 298, 301, 304, 310, 311, 312, 314, 315, 322, 323, 325, 328, 330, 333, 334, 336, 338, 340, 341, 342, 345, 360, 362, 364, 368, 371, 373, 376, 377, 379, 383, 384, 385, 386, 387, 389, 393, 396, 397, 400, 402, 403, 405, 408, 413, 414, 416, 417, 423, 427, 428, 429, 430, 432, 438, 441, 444, 446, 449, 451, 452, 453, 459, 460, 463, 466, 470, 471, 473, 479, 481, 483, 484, 488, 490, 494, 500, 506, 510, 517, 520, 522, 524, 526, 530, 533, 534, 549, 553, 558, 559, 560, 561, 562, 563, 564, 565, 566, 569, 574, 580, 588, 589, 592, 593, 596, 597, 602, 603, 605, 607, 613, 618, 619, 622, 629, 630, 632, 638, 639, 640, 643, 644, 646, 647, 648, 649, 652, 653, 654, 655, 656, 657, 658, 659, 666, 668, 670, 674, 675, 684, 689, 693, 698, 703, 704, 706, 711, 712, 713, 715, 717, 718, 722, 723, 724, 729, 730, 731, 732, 733, 739, 741, 742, 757, 758, 761, 771, 775, 781, 784, 785, 795, 798, 800, 803, 804, 808, 810, 812, 815, 821, 826, 827, 831, 835, 836, 837, 838, 845, 846, 848, 852, 855, 858, 860, 863, 864, 868, 869, 871, 875, 878, 883, 887, 890, 892, 894, 898, 899, 900, 903, 904, 909, 911, 918, 920, 921, 925, 926, 927, 931, 934, 937, 941, 945, 946, 950, 953, 955, 956, 958, 964, 968, 970, 972, 973, 975, 977, 983, 984, 988, 993, 994, 995]
Packed_weights: [678, 521, 394, 997, 268, 326, 312, 734, 804, 397, 915, 834, 792, 954, 732, 802, 706, 480, 481, 891, 706, 736, 678, 688, 506, 437, 468, 113, 621, 879, 649, 634, 929, 589, 959, 211, 510, 775, 211, 198, 524, 324, 885, 956, 505, 479, 850, 155, 931, 467, 380, 325, 842, 971, 368, 594, 368, 296, 978, 973, 664, 874, 731, 836, 590, 450, 548, 579, 354, 786, 677, 926, 521, 946, 226, 310, 789, 535, 609, 439, 675, 962, 842, 940, 397, 424, 933, 987, 931, 948, 535, 820, 689, 311, 985, 282, 253, 984, 575, 211, 491, 993, 788, 717, 906, 537, 987, 522, 632, 593, 689, 845, 842, 964, 651, 887, 779, 851, 955, 932, 702, 393, 397, 632, 922, 549, 660, 439, 930, 283, 520, 982, 927, 944, 551, 787, 758, 792, 959, 337, 949, 904, 636, 650, 522, 618, 848, 366, 550, 950, 674, 794, 808, 664, 764, 790, 956, 972, 828, 973, 679, 856, 709, 365, 506, 802, 790, 794, 846, 857, 863, 861, 948, 761, 974, 592, 155, 793, 930, 761, 649, 763, 804, 898, 940, 916, 977, 534, 594, 992, 478, 940, 884, 595, 779, 934, 926, 833, 565, 480, 482, 506, 704, 836, 746, 141, 254, 749, 309, 745, 563, 552, 877, 283, 800, 920, 309, 550, 353, 379, 944, 988, 439, 367, 580, 793, 903, 988, 311, 706, 646, 324, 856, 647, 297, 337, 821, 606, 211, 539, 716, 594, 324, 563, 733, 325, 539, 577, 510, 932, 702, 634, 903, 679, 564, 539, 996, 989, 898, 622, 926, 379, 537, 538, 437, 906, 650, 694, 998, 281, 492, 522, 547, 552, 834, 397, 703, 928, 920, 435, 963, 678, 950, 155, 410, 449, 865, 379, 834, 899, 903, 744, 580, 886, 716, 449, 998, 451, 999, 623, 959, 340, 397, 835, 856, 509, 463, 449, 692, 790, 338, 296, 730, 424, 940, 764, 562, 591, 632, 707, 354, 578, 550, 720, 820, 184, 801, 463, 408, 169, 311, 998, 927, 944, 708, 718, 870, 916, 763, 974, 993, 922, 959, 326, 716, 561, 211, 575, 779, 831, 791, 296, 976, 311, 992, 408, 579, 749, 888]

Test case: kplib-master/12Circle/n02000/R01000/s034.kp
Run time: 180.00847506523132 seconds
Total value = 10592765
Total weight = 502719
Packed items: [2, 3, 5, 6, 7, 11, 14, 19, 21, 22, 23, 24, 28, 29, 32, 34, 36, 38, 40, 42, 44, 50, 55, 60, 62, 63, 66, 69, 71, 72, 79, 82, 86, 87, 88, 89, 92, 93, 94, 95, 97, 98, 100, 101, 105, 106, 107, 108, 109, 112, 113, 114, 118, 120, 121, 125, 126, 129, 132, 133, 135, 137, 141, 142, 143, 148, 149, 154, 161, 163, 164, 165, 170, 172, 174, 176, 177, 178, 183, 184, 185, 190, 197, 199, 202, 204, 210, 211, 212, 213, 222, 232, 233, 234, 236, 237, 238, 240, 245, 247, 251, 252, 254, 257, 259, 262, 263, 264, 265, 275, 277, 278, 279, 280, 282, 283, 284, 285, 292, 296, 298, 302, 304, 305, 306, 307, 308, 309, 311, 312, 313, 315, 316, 319, 327, 331, 332, 336, 337, 338, 340, 341, 342, 345, 348, 350, 353, 356, 359, 365, 368, 369, 371, 372, 373, 375, 377, 379, 380, 382, 384, 385, 386, 388, 391, 392, 395, 400, 403, 404, 409, 414, 415, 419, 423, 425, 426, 427, 429, 430, 433, 434, 438, 439, 441, 447, 451, 454, 458, 466, 471, 474, 478, 480, 481, 484, 487, 488, 489, 494, 501, 502, 506, 510, 513, 514, 515, 518, 519, 520, 522, 523, 525, 526, 529, 530, 531, 533, 534, 537, 539, 540, 541, 543, 548, 552, 553, 554, 559, 561, 562, 563, 568, 572, 575, 576, 581, 582, 586, 587, 596, 598, 599, 602, 604, 608, 611, 613, 614, 616, 617, 618, 620, 623, 627, 629, 632, 643, 650, 651, 653, 654, 655, 656, 660, 661, 663, 664, 665, 673, 682, 683, 687, 689, 695, 700, 701, 704, 706, 707, 708, 712, 714, 716, 718, 720, 723, 724, 725, 727, 730, 732, 745, 747, 750, 755, 757, 758, 759, 761, 765, 769, 772, 773, 774, 775, 777, 779, 782, 783, 784, 787, 789, 790, 791, 796, 802, 805, 806, 807, 810, 812, 813, 814, 815, 816, 822, 824, 827, 828, 829, 830, 839, 844, 847, 849, 851, 853, 856, 858, 861, 862, 865, 866, 868, 869, 871, 872, 873, 874, 877, 878, 882, 885, 887, 888, 890, 891, 892, 893, 898, 901, 902, 904, 909, 911, 918, 920, 921, 922, 924, 930, 931, 932, 933, 934, 939, 940, 943, 945, 947, 953, 956, 959, 960, 964, 967, 968, 970, 975, 976, 978, 983, 985, 988, 990, 991, 992, 993, 994, 1006, 1007, 1009, 1010, 1011, 1013, 1015, 1016, 1019, 1024, 1026, 1028, 1030, 1031, 1032, 1033, 1039, 1044, 1050, 1052, 1056, 1059, 1060, 1061, 1064, 1067, 1070, 1088, 1090, 1091, 1093, 1095, 1101, 1102, 1104, 1110, 1111, 1112, 1122, 1127, 1131, 1133, 1134, 1135, 1136, 1138, 1139, 1142, 1146, 1147, 1149, 1150, 1152, 1157, 1159, 1161, 1162, 1163, 1164, 1168, 1169, 1171, 1173, 1174, 1175, 1178, 1180, 1182, 1183, 1194, 1198, 1199, 1200, 1202, 1203, 1208, 1211, 1213, 1215, 1219, 1223, 1224, 1228, 1230, 1235, 1236, 1237, 1241, 1242, 1243, 1244, 1245, 1250, 1251, 1260, 1261, 1267, 1268, 1270, 1272, 1273, 1274, 1277, 1283, 1288, 1292, 1293, 1301, 1307, 1310, 1311, 1313, 1314, 1316, 1318, 1319, 1320, 1323, 1324, 1332, 1333, 1334, 1335, 1337, 1341, 1344, 1349, 1356, 1363, 1364, 1365, 1366, 1367, 1369, 1370, 1373, 1374, 1376, 1383, 1390, 1393, 1394, 1397, 1398, 1399, 1401, 1404, 1405, 1410, 1411, 1417, 1418, 1423, 1428, 1430, 1433, 1434, 1438, 1439, 1440, 1445, 1446, 1447, 1448, 1453, 1458, 1459, 1460, 1463, 1469, 1470, 1471, 1478, 1482, 1483, 1484, 1486, 1493, 1498, 1500, 1503, 1504, 1506, 1507, 1511, 1512, 1513, 1515, 1520, 1523, 1524, 1525, 1526, 1528, 1540, 1541, 1545, 1546, 1549, 1551, 1554, 1562, 1563, 1568, 1573, 1577, 1579, 1583, 1585, 1586, 1588, 1591, 1593, 1594, 1596, 1597, 1598, 1599, 1601, 1609, 1612, 1613, 1616, 1618, 1621, 1622, 1625, 1626, 1629, 1631, 1633, 1634, 1636, 1638, 1641, 1647, 1649, 1651, 1653, 1657, 1660, 1662, 1663, 1664, 1665, 1666, 1669, 1672, 1674, 1678, 1679, 1680, 1683, 1685, 1686, 1687, 1690, 1695, 1698, 1701, 1710, 1724, 1726, 1727, 1730, 1737, 1742, 1745, 1748, 1768, 1770, 1773, 1777, 1778, 1781, 1786, 1788, 1792, 1793, 1794, 1795, 1801, 1803, 1807, 1810, 1813, 1814, 1816, 1818, 1827, 1828, 1832, 1833, 1836, 1841, 1843, 1846, 1847, 1848, 1851, 1853, 1858, 1865, 1866, 1867, 1869, 1871, 1873, 1874, 1877, 1880, 1884, 1886, 1892, 1894, 1896, 1898, 1900, 1901, 1902, 1904, 1907, 1909, 1913, 1924, 1925, 1926, 1927, 1931, 1937, 1939, 1940, 1941, 1942, 1946, 1950, 1951, 1952, 1953, 1956, 1961, 1969, 1971, 1972, 1974, 1975, 1976, 1977, 1978, 1979, 1981, 1985, 1988, 1989, 1998]
Packed_weights: [844, 899, 365, 949, 425, 155, 777, 552, 801, 934, 589, 637, 536, 608, 424, 816, 749, 281, 283, 792, 777, 421, 297, 407, 944, 310, 759, 871, 735, 337, 935, 533, 973, 859, 548, 764, 997, 155, 933, 986, 814, 989, 465, 594, 704, 858, 735, 861, 605, 407, 463, 494, 946, 983, 833, 956, 311, 621, 722, 635, 281, 777, 534, 521, 969, 884, 892, 505, 944, 847, 435, 609, 963, 750, 990, 676, 408, 776, 225, 198, 703, 945, 861, 267, 744, 354, 804, 113, 929, 562, 857, 581, 803, 113, 690, 577, 828, 609, 734, 846, 534, 622, 592, 297, 324, 930, 848, 899, 649, 394, 778, 803, 748, 113, 956, 618, 946, 408, 535, 465, 962, 425, 225, 744, 746, 662, 996, 958, 878, 679, 778, 934, 694, 366, 352, 984, 748, 677, 944, 310, 962, 821, 520, 493, 254, 730, 679, 872, 578, 918, 366, 722, 777, 549, 618, 871, 449, 929, 934, 975, 985, 749, 772, 183, 943, 506, 803, 296, 735, 999, 424, 969, 396, 339, 693, 311, 843, 465, 267, 393, 451, 453, 435, 991, 969, 818, 959, 562, 706, 926, 861, 927, 425, 664, 691, 786, 719, 958, 744, 831, 408, 900, 254, 453, 637, 648, 920, 609, 595, 730, 410, 921, 888, 786, 394, 930, 239, 844, 367, 719, 945, 453, 847, 820, 479, 507, 619, 926, 606, 931, 664, 915, 912, 562, 694, 902, 916, 509, 632, 761, 577, 870, 409, 985, 819, 735, 563, 787, 942, 661, 463, 800, 949, 255, 898, 492, 297, 408, 891, 968, 892, 562, 649, 987, 680, 354, 778, 759, 773, 988, 255, 930, 900, 862, 959, 864, 537, 634, 609, 169, 887, 792, 211, 733, 565, 579, 663, 694, 702, 847, 996, 494, 561, 255, 451, 365, 366, 801, 929, 620, 958, 576, 620, 762, 702, 309, 814, 963, 297, 844, 762, 918, 985, 436, 537, 678, 691, 562, 830, 732, 904, 464, 821, 523, 758, 337, 183, 689, 492, 763, 382, 141, 649, 536, 986, 676, 660, 703, 904, 508, 365, 800, 705, 522, 127, 564, 575, 295, 467, 561, 240, 622, 381, 885, 977, 804, 477, 900, 871, 679, 875, 774, 382, 862, 989, 268, 848, 941, 622, 889, 946, 890, 845, 423, 857, 438, 296, 982, 664, 960, 495, 876, 366, 859, 949, 422, 946, 849, 774, 621, 961, 805, 310, 479, 367, 746, 917, 901, 435, 395, 507, 874, 720, 898, 988, 943, 903, 913, 848, 679, 633, 899, 637, 961, 99, 435, 537, 830, 916, 941, 282, 323, 325, 679, 452, 955, 702, 717, 816, 393, 506, 575, 888, 283, 708, 732, 506, 226, 899, 962, 972, 677, 989, 606, 744, 580, 800, 410, 646, 689, 564, 745, 424, 954, 947, 912, 479, 635, 943, 878, 929, 932, 366, 651, 931, 777, 927, 984, 862, 954, 538, 660, 971, 857, 295, 747, 778, 407, 959, 239, 863, 636, 692, 892, 948, 689, 604, 929, 859, 340, 773, 930, 465, 761, 730, 464, 339, 622, 912, 861, 704, 550, 127, 963, 958, 892, 832, 900, 779, 353, 818, 689, 674, 843, 934, 661, 675, 674, 857, 918, 309, 928, 381, 1000, 382, 651, 211, 704, 693, 779, 99, 899, 594, 790, 748, 806, 604, 424, 113, 702, 759, 618, 892, 665, 408, 935, 833, 821, 872, 407, 888, 892, 864, 437, 381, 914, 664, 338, 919, 898, 703, 901, 211, 807, 844, 919, 705, 759, 590, 198, 892, 646, 325, 367, 874, 521, 674, 310, 366, 592, 281, 971, 649, 719, 900, 507, 974, 689, 649, 661, 717, 352, 480, 735, 351, 590, 155, 821, 970, 874, 830, 380, 864, 226, 519, 495, 421, 745, 918, 295, 606, 562, 533, 580, 296, 464, 651, 438, 891, 436, 325, 592, 765, 536, 750, 674, 958, 716, 508, 507, 580, 99, 970, 833, 366, 884, 954, 309, 948, 988, 929, 763, 664, 606, 618, 379, 959, 594, 665, 819, 649, 635, 649, 155, 788, 734, 297, 579, 691, 551, 549, 665, 986, 636, 664, 959, 550, 563, 323, 562, 579, 858, 507, 212, 805, 832, 410, 999, 351, 338, 789, 998, 935, 845, 552, 689, 212, 565, 508, 716, 862, 997, 675, 817, 900, 947, 226, 451, 565, 717, 717, 604, 648, 410, 884, 985, 436, 396, 451, 283, 651, 155, 887, 788, 731, 818, 649, 564, 721, 863, 580, 240, 634, 408, 821, 746, 324, 830, 801, 423, 453, 365, 942, 565, 354, 563, 646, 481, 409, 876, 949, 733, 807, 745, 463, 842, 664, 861, 971, 409, 987, 606, 932, 547, 311]

Test case: kplib-master/12Circle/n05000/R01000/s034.kp
Run time: 180.00499534606934 seconds
Total value = 25966424
Total weight = 1232334
Packed items: [2, 3, 5, 6, 7, 11, 14, 19, 21, 22, 23, 24, 28, 29, 32, 34, 36, 38, 40, 42, 44, 50, 55, 60, 62, 63, 66, 69, 71, 72, 79, 82, 86, 87, 88, 89, 92, 93, 94, 95, 97, 98, 100, 101, 105, 106, 107, 108, 109, 112, 113, 114, 118, 120, 121, 125, 126, 129, 132, 133, 135, 137, 141, 142, 143, 148, 149, 154, 161, 163, 164, 165, 170, 171, 172, 174, 176, 177, 178, 183, 184, 185, 190, 197, 199, 202, 204, 210, 211, 212, 213, 222, 232, 233, 234, 236, 237, 238, 240, 245, 247, 251, 252, 254, 257, 259, 262, 263, 264, 265, 275, 277, 278, 279, 280, 282, 283, 284, 285, 292, 296, 298, 302, 304, 305, 306, 307, 308, 309, 311, 312, 313, 315, 316, 319, 327, 328, 331, 332, 336, 337, 338, 340, 341, 342, 344, 345, 348, 350, 353, 356, 359, 365, 368, 369, 371, 372, 373, 375, 377, 379, 380, 382, 384, 385, 386, 388, 391, 392, 395, 400, 403, 404, 409, 411, 414, 415, 419, 423, 425, 426, 427, 429, 430, 433, 434, 438, 439, 441, 442, 447, 451, 454, 458, 466, 469, 471, 474, 478, 480, 481, 484, 487, 488, 489, 494, 501, 502, 506, 510, 512, 513, 514, 515, 518, 519, 520, 522, 523, 525, 526, 529, 530, 531, 533, 534, 537, 539, 540, 541, 543, 548, 552, 553, 554, 559, 561, 562, 563, 568, 572, 575, 576, 577, 581, 582, 586, 587, 590, 596, 598, 599, 602, 604, 608, 611, 613, 614, 616, 617, 618, 620, 623, 627, 629, 632, 643, 650, 651, 653, 654, 655, 656, 660, 661, 663, 664, 665, 673, 682, 683, 687, 689, 695, 700, 701, 704, 706, 707, 708, 712, 714, 716, 718, 720, 723, 724, 725, 727, 730, 732, 745, 747, 750, 755, 757, 758, 759, 761, 765, 769, 772, 773, 774, 775, 777, 779, 782, 783, 784, 787, 789, 790, 791, 796, 799, 802, 805, 806, 807, 810, 812, 813, 814, 815, 816, 817, 822, 824, 827, 828, 829, 830, 839, 841, 844, 847, 849, 851, 853, 856, 858, 861, 862, 865, 866, 868, 869, 871, 872, 873, 874, 877, 878, 882, 883, 885, 887, 888, 890, 891, 892, 893, 898, 900, 901, 902, 904, 909, 911, 918, 920, 921, 922, 924, 927, 930, 931, 932, 933, 934, 936, 939, 940, 943, 945, 947, 953, 956, 959, 960, 961, 964, 967, 968, 970, 975, 976, 978, 982, 983, 985, 988, 990, 991, 992, 993, 994, 1006, 1007, 1009, 1010, 1011, 1013, 1015, 1016, 1019, 1024, 1026, 1028, 1030, 1031, 1032, 1033, 1039, 1044, 1050, 1052, 1056, 1059, 1060, 1061, 1064, 1067, 1070, 1088, 1090, 1091, 1093, 1095, 1101, 1102, 1104, 1110, 1111, 1112, 1122, 1127, 1131, 1133, 1134, 1135, 1136, 1138, 1139, 1142, 1146, 1147, 1149, 1150, 1152, 1157, 1159, 1161, 1162, 1163, 1164, 1168, 1169, 1171, 1173, 1174, 1175, 1178, 1180, 1182, 1183, 1186, 1189, 1194, 1198, 1199, 1200, 1202, 1203, 1208, 1211, 1213, 1215, 1219, 1223, 1224, 1228, 1230, 1235, 1236, 1237, 1240, 1241, 1242, 1243, 1244, 1245, 1250, 1251, 1260, 1261, 1267, 1268, 1270, 1272, 1273, 1274, 1277, 1283, 1288, 1292, 1293, 1301, 1307, 1310, 1311, 1313, 1314, 1316, 1318, 1319, 1320, 1323, 1324, 1332, 1333, 1334, 1335, 1337, 1341, 1344, 1349, 1356, 1363, 1364, 1365, 1366, 1367, 1369, 1370, 1373, 1374, 1376, 1383, 1390, 1393, 1394, 1397, 1398, 1399, 1401, 1404, 1405, 1410, 1411, 1417, 1418, 1423, 1428, 1430, 1433, 1434, 1438, 1439, 1440, 1445, 1446, 1447, 1448, 1453, 1458, 1459, 1460, 1463, 1469, 1470, 1471, 1478, 1482, 1483, 1484, 1486, 1493, 1498, 1500, 1503, 1504, 1506, 1507, 1511, 1512, 1513, 1515, 1520, 1523, 1524, 1525, 1526, 1528, 1540, 1541, 1545, 1546, 1549, 1551, 1554, 1562, 1563, 1568, 1573, 1577, 1579, 1583, 1585, 1586, 1588, 1591, 1593, 1594, 1596, 1597, 1598, 1599, 1601, 1609, 1612, 1613, 1616, 1618, 1619, 1621, 1622, 1625, 1626, 1629, 1631, 1633, 1634, 1636, 1638, 1641, 1647, 1649, 1651, 1653, 1657, 1660, 1662, 1663, 1664, 1665, 1666, 1669, 1672, 1674, 1678, 1679, 1680, 1683, 1685, 1686, 1687, 1690, 1695, 1698, 1701, 1710, 1724, 1726, 1727, 1730, 1737, 1742, 1745, 1748, 1768, 1770, 1771, 1773, 1777, 1778, 1781, 1786, 1788, 1792, 1793, 1794, 1795, 1801, 1803, 1807, 1810, 1813, 1814, 1816, 1818, 1827, 1828, 1832, 1833, 1836, 1841, 1843, 1846, 1847, 1848, 1851, 1853, 1857, 1858, 1861, 1865, 1866, 1867, 1869, 1871, 1873, 1874, 1877, 1880, 1884, 1886, 1892, 1894, 1896, 1898, 1900, 1901, 1902, 1904, 1907, 1909, 1913, 1917, 1924, 1925, 1926, 1927, 1931, 1937, 1939, 1940, 1941, 1942, 1946, 1950, 1951, 1952, 1953, 1956, 1961, 1969, 1971, 1972, 1974, 1975, 1976, 1977, 1978, 1979, 1981, 1985, 1988, 1989, 1998, 2006, 2007, 2012, 2013, 2014, 2015, 2017, 2022, 2027, 2028, 2030, 2037, 2042, 2044, 2045, 2047, 2049, 2052, 2060, 2061, 2065, 2070, 2073, 2074, 2081, 2083, 2097, 2105, 2114, 2119, 2123, 2125, 2128, 2131, 2134, 2136, 2139, 2140, 2141, 2143, 2144, 2146, 2147, 2150, 2154, 2155, 2156, 2161, 2162, 2169, 2171, 2172, 2174, 2175, 2177, 2180, 2183, 2185, 2188, 2190, 2194, 2195, 2198, 2199, 2200, 2202, 2203, 2208, 2213, 2220, 2221, 2223, 2224, 2225, 2227, 2230, 2231, 2235, 2239, 2240, 2248, 2249, 2250, 2251, 2253, 2259, 2260, 2263, 2264, 2267, 2268, 2269, 2271, 2272, 2278, 2279, 2280, 2281, 2285, 2289, 2290, 2292, 2293, 2295, 2296, 2297, 2298, 2299, 2301, 2303, 2306, 2307, 2309, 2315, 2319, 2320, 2321, 2323, 2324, 2325, 2326, 2333, 2334, 2336, 2338, 2340, 2341, 2346, 2353, 2355, 2357, 2358, 2368, 2369, 2371, 2374, 2376, 2382, 2387, 2390, 2391, 2392, 2400, 2404, 2406, 2407, 2408, 2410, 2411, 2413, 2416, 2421, 2425, 2430, 2432, 2438, 2440, 2441, 2443, 2445, 2446, 2447, 2449, 2451, 2454, 2455, 2458, 2460, 2462, 2463, 2466, 2469, 2472, 2473, 2474, 2476, 2477, 2479, 2481, 2487, 2488, 2491, 2493, 2495, 2496, 2502, 2503, 2504, 2505, 2507, 2511, 2516, 2525, 2526, 2527, 2529, 2530, 2531, 2532, 2540, 2544, 2546, 2553, 2556, 2564, 2569, 2570, 2574, 2575, 2582, 2583, 2584, 2586, 2588, 2589, 2590, 2591, 2597, 2598, 2599, 2604, 2610, 2613, 2614, 2616, 2618, 2619, 2621, 2623, 2625, 2629, 2632, 2639, 2640, 2644, 2646, 2648, 2649, 2652, 2657, 2662, 2664, 2669, 2673, 2674, 2675, 2676, 2677, 2679, 2680, 2682, 2683, 2684, 2685, 2686, 2687, 2688, 2691, 2693, 2697, 2698, 2702, 2705, 2708, 2710, 2711, 2714, 2719, 2725, 2730, 2731, 2734, 2739, 2743, 2745, 2748, 2749, 2754, 2756, 2761, 2763, 2768, 2770, 2772, 2773, 2778, 2781, 2782, 2787, 2792, 2793, 2794, 2796, 2797, 2798, 2799, 2806, 2808, 2814, 2817, 2822, 2824, 2826, 2829, 2831, 2832, 2834, 2835, 2838, 2841, 2843, 2846, 2847, 2848, 2852, 2856, 2859, 2865, 2868, 2870, 2873, 2874, 2875, 2881, 2882, 2883, 2889, 2894, 2896, 2897, 2899, 2900, 2908, 2909, 2913, 2914, 2917, 2932, 2933, 2935, 2936, 2937, 2940, 2943, 2944, 2945, 2948, 2951, 2952, 2954, 2955, 2956, 2958, 2959, 2962, 2964, 2965, 2966, 2967, 2970, 2974, 2975, 2976, 2978, 2980, 2985, 2988, 2990, 2991, 2995, 2999, 3002, 3003, 3006, 3010, 3014, 3019, 3020, 3021, 3023, 3025, 3026, 3031, 3033, 3034, 3035, 3036, 3038, 3042, 3043, 3045, 3046, 3049, 3057, 3066, 3069, 3070, 3074, 3077, 3078, 3079, 3080, 3081, 3088, 3092, 3095, 3096, 3098, 3100, 3102, 3104, 3105, 3109, 3111, 3113, 3114, 3116, 3118, 3119, 3120, 3123, 3124, 3126, 3128, 3130, 3135, 3137, 3138, 3146, 3147, 3148, 3149, 3153, 3154, 3155, 3159, 3161, 3163, 3165, 3169, 3171, 3173, 3175, 3177, 3179, 3184, 3186, 3187, 3191, 3192, 3193, 3195, 3197, 3198, 3199, 3203, 3204, 3206, 3207, 3208, 3213, 3216, 3218, 3219, 3220, 3221, 3224, 3227, 3229, 3233, 3235, 3237, 3242, 3245, 3246, 3252, 3254, 3256, 3260, 3263, 3269, 3279, 3280, 3281, 3282, 3285, 3287, 3290, 3291, 3294, 3295, 3297, 3300, 3304, 3308, 3311, 3314, 3315, 3316, 3320, 3321, 3325, 3326, 3329, 3331, 3333, 3334, 3337, 3340, 3341, 3342, 3344, 3348, 3353, 3354, 3356, 3357, 3361, 3362, 3363, 3366, 3379, 3380, 3385, 3390, 3395, 3397, 3399, 3401, 3406, 3407, 3411, 3413, 3416, 3417, 3418, 3430, 3431, 3432, 3433, 3440, 3447, 3448, 3452, 3459, 3460, 3462, 3465, 3473, 3482, 3483, 3485, 3488, 3490, 3491, 3498, 3499, 3505, 3508, 3509, 3511, 3513, 3516, 3526, 3528, 3530, 3534, 3536, 3541, 3547, 3548, 3549, 3553, 3556, 3560, 3565, 3566, 3567, 3569, 3570, 3580, 3581, 3582, 3587, 3590, 3592, 3595, 3597, 3598, 3604, 3607, 3612, 3617, 3620, 3633, 3637, 3638, 3641, 3642, 3645, 3646, 3652, 3655, 3658, 3660, 3661, 3665, 3668, 3670, 3672, 3673, 3679, 3681, 3682, 3683, 3685, 3689, 3690, 3696, 3697, 3699, 3702, 3703, 3718, 3721, 3723, 3724, 3726, 3727, 3731, 3732, 3733, 3737, 3741, 3742, 3743, 3744, 3749, 3758, 3766, 3767, 3772, 3773, 3776, 3777, 3782, 3785, 3787, 3788, 3791, 3793, 3795, 3799, 3804, 3805, 3806, 3810, 3812, 3813, 3815, 3818, 3819, 3820, 3821, 3824, 3827, 3832, 3834, 3837, 3842, 3850, 3851, 3854, 3856, 3859, 3861, 3867, 3868, 3869, 3870, 3871, 3873, 3875, 3876, 3877, 3878, 3879, 3880, 3881, 3885, 3890, 3898, 3900, 3901, 3902, 3904, 3910, 3915, 3916, 3919, 3922, 3924, 3925, 3928, 3935, 3939, 3940, 3943, 3946, 3961, 3962, 3964, 3965, 3966, 3970, 3972, 3973, 3978, 3980, 3983, 3987, 3989, 3993, 3998, 4002, 4003, 4005, 4006, 4007, 4010, 4016, 4017, 4021, 4026, 4027, 4029, 4033, 4035, 4036, 4040, 4043, 4044, 4060, 4062, 4064, 4065, 4066, 4068, 4076, 4079, 4080, 4084, 4094, 4095, 4096, 4102, 4107, 4110, 4111, 4112, 4113, 4115, 4116, 4119, 4124, 4136, 4141, 4144, 4148, 4151, 4153, 4154, 4155, 4159, 4160, 4167, 4168, 4169, 4170, 4174, 4182, 4187, 4196, 4197, 4198, 4199, 4200, 4201, 4202, 4203, 4204, 4206, 4210, 4222, 4229, 4231, 4232, 4235, 4238, 4239, 4241, 4243, 4244, 4245, 4248, 4251, 4253, 4254, 4257, 4258, 4263, 4266, 4268, 4270, 4274, 4277, 4278, 4286, 4287, 4293, 4295, 4296, 4298, 4302, 4303, 4308, 4309, 4310, 4312, 4317, 4318, 4322, 4325, 4327, 4328, 4340, 4343, 4346, 4347, 4350, 4353, 4356, 4358, 4359, 4362, 4364, 4365, 4370, 4371, 4375, 4377, 4385, 4387, 4393, 4396, 4401, 4402, 4405, 4406, 4407, 4409, 4412, 4414, 4418, 4421, 4422, 4423, 4432, 4433, 4436, 4437, 4439, 4440, 4443, 4444, 4446, 4447, 4448, 4450, 4452, 4453, 4458, 4459, 4462, 4467, 4469, 4470, 4472, 4476, 4481, 4486, 4491, 4494, 4499, 4500, 4503, 4505, 4509, 4511, 4513, 4514, 4515, 4520, 4521, 4522, 4523, 4527, 4532, 4533, 4536, 4537, 4540, 4543, 4549, 4551, 4554, 4555, 4556, 4558, 4559, 4560, 4563, 4564, 4565, 4566, 4568, 4569, 4570, 4573, 4576, 4577, 4578, 4581, 4590, 4596, 4602, 4613, 4614, 4615, 4621, 4629, 4632, 4635, 4636, 4637, 4640, 4644, 4649, 4654, 4655, 4657, 4658, 4661, 4665, 4669, 4670, 4674, 4686, 4692, 4695, 4696, 4697, 4699, 4711, 4713, 4714, 4718, 4720, 4722, 4725, 4727, 4732, 4735, 4740, 4743, 4745, 4756, 4760, 4762, 4768, 4769, 4770, 4771, 4772, 4774, 4779, 4784, 4789, 4792, 4793, 4796, 4797, 4799, 4800, 4807, 4808, 4810, 4811, 4813, 4817, 4821, 4823, 4824, 4831, 4836, 4838, 4839, 4842, 4849, 4850, 4852, 4854, 4857, 4859, 4863, 4866, 4869, 4871, 4872, 4873, 4874, 4876, 4877, 4882, 4900, 4901, 4903, 4904, 4905, 4906, 4909, 4910, 4912, 4922, 4925, 4927, 4930, 4933, 4934, 4936, 4939, 4941, 4952, 4954, 4955, 4964, 4965, 4966, 4969, 4970, 4972, 4973, 4974, 4979, 4983, 4986, 4989, 4990, 4991, 4996, 4997, 4999]
Packed_weights: [844, 899, 365, 949, 425, 155, 777, 552, 801, 934, 589, 637, 536, 608, 424, 816, 749, 281, 283, 792, 777, 421, 297, 407, 944, 310, 759, 871, 735, 337, 935, 533, 973, 859, 548, 764, 997, 155, 933, 986, 814, 989, 465, 594, 704, 858, 735, 861, 605, 407, 463, 494, 946, 983, 833, 956, 311, 621, 722, 635, 281, 777, 534, 521, 969, 884, 892, 505, 944, 847, 435, 609, 963, 992, 750, 990, 676, 408, 776, 225, 198, 703, 945, 861, 267, 744, 354, 804, 113, 929, 562, 857, 581, 803, 113, 690, 577, 828, 609, 734, 846, 534, 622, 592, 297, 324, 930, 848, 899, 649, 394, 778, 803, 748, 113, 956, 618, 946, 408, 535, 465, 962, 425, 225, 744, 746, 662, 996, 958, 878, 679, 778, 934, 694, 366, 352, 652, 984, 748, 677, 944, 310, 962, 821, 520, 326, 493, 254, 730, 679, 872, 578, 918, 366, 722, 777, 549, 618, 871, 449, 929, 934, 975, 985, 749, 772, 183, 943, 506, 803, 296, 735, 999, 424, 496, 969, 396, 339, 693, 311, 843, 465, 267, 393, 451, 453, 435, 991, 969, 496, 818, 959, 562, 706, 926, 737, 861, 927, 425, 664, 691, 786, 719, 958, 744, 831, 408, 900, 254, 453, 666, 637, 648, 920, 609, 595, 730, 410, 921, 888, 786, 394, 930, 239, 844, 367, 719, 945, 453, 847, 820, 479, 507, 619, 926, 606, 931, 664, 915, 912, 562, 694, 902, 411, 916, 509, 632, 761, 589, 577, 870, 409, 985, 819, 735, 563, 787, 942, 661, 463, 800, 949, 255, 898, 492, 297, 408, 891, 968, 892, 562, 649, 987, 680, 354, 778, 759, 773, 988, 255, 930, 900, 862, 959, 864, 537, 634, 609, 169, 887, 792, 211, 733, 565, 579, 663, 694, 702, 847, 996, 494, 561, 255, 451, 365, 366, 801, 929, 620, 958, 576, 620, 762, 702, 309, 814, 963, 297, 844, 762, 918, 985, 436, 537, 678, 751, 691, 562, 830, 732, 904, 464, 821, 523, 758, 337, 581, 183, 689, 492, 763, 382, 141, 649, 907, 536, 986, 676, 660, 703, 904, 508, 365, 800, 705, 522, 127, 564, 575, 295, 467, 561, 240, 622, 381, 326, 885, 977, 804, 477, 900, 871, 679, 875, 170, 774, 382, 862, 989, 268, 848, 941, 622, 889, 946, 978, 890, 845, 423, 857, 438, 907, 296, 982, 664, 960, 495, 876, 366, 859, 949, 751, 422, 946, 849, 774, 621, 961, 805, 737, 310, 479, 367, 746, 917, 901, 435, 395, 507, 874, 720, 898, 988, 943, 903, 913, 848, 679, 633, 899, 637, 961, 99, 435, 537, 830, 916, 941, 282, 323, 325, 679, 452, 955, 702, 717, 816, 393, 506, 575, 888, 283, 708, 732, 506, 226, 899, 962, 972, 677, 989, 606, 744, 580, 800, 410, 646, 689, 564, 745, 424, 954, 947, 912, 479, 635, 943, 878, 929, 932, 366, 651, 931, 777, 927, 984, 862, 893, 411, 954, 538, 660, 971, 857, 295, 747, 778, 407, 959, 239, 863, 636, 692, 892, 948, 689, 604, 85, 929, 859, 340, 773, 930, 465, 761, 730, 464, 339, 622, 912, 861, 704, 550, 127, 963, 958, 892, 832, 900, 779, 353, 818, 689, 674, 843, 934, 661, 675, 674, 857, 918, 309, 928, 381, 1000, 382, 651, 211, 704, 693, 779, 99, 899, 594, 790, 748, 806, 604, 424, 113, 702, 759, 618, 892, 665, 408, 935, 833, 821, 872, 407, 888, 892, 864, 437, 381, 914, 664, 338, 919, 898, 703, 901, 211, 807, 844, 919, 705, 759, 590, 198, 892, 646, 325, 367, 874, 521, 674, 310, 366, 592, 281, 971, 649, 719, 900, 507, 974, 689, 649, 661, 717, 352, 480, 735, 351, 590, 155, 821, 970, 874, 830, 380, 864, 226, 519, 495, 421, 745, 918, 295, 606, 562, 533, 580, 296, 464, 651, 438, 891, 436, 325, 592, 765, 536, 425, 750, 674, 958, 716, 508, 507, 580, 99, 970, 833, 366, 884, 954, 309, 948, 988, 929, 763, 664, 606, 618, 379, 959, 594, 665, 819, 649, 635, 649, 155, 788, 734, 297, 579, 691, 551, 549, 665, 986, 636, 664, 959, 550, 563, 323, 562, 579, 737, 858, 507, 212, 805, 832, 410, 999, 351, 338, 789, 998, 935, 845, 552, 689, 212, 565, 508, 716, 862, 997, 675, 817, 900, 947, 226, 451, 565, 717, 717, 666, 604, 496, 648, 410, 884, 985, 436, 396, 451, 283, 651, 155, 887, 788, 731, 818, 649, 564, 721, 863, 580, 240, 634, 408, 978, 821, 746, 324, 830, 801, 423, 453, 365, 942, 565, 354, 563, 646, 481, 409, 876, 949, 733, 807, 745, 463, 842, 664, 861, 971, 409, 987, 606, 932, 547, 311, 717, 806, 986, 522, 492, 943, 806, 395, 580, 450, 510, 735, 535, 240, 822, 891, 987, 325, 666, 184, 819, 450, 607, 522, 495, 677, 703, 930, 619, 632, 496, 593, 920, 450, 716, 506, 998, 520, 760, 948, 946, 353, 660, 730, 893, 944, 919, 927, 997, 464, 507, 593, 708, 605, 239, 704, 663, 744, 751, 522, 759, 954, 748, 425, 873, 646, 564, 956, 618, 522, 719, 297, 662, 829, 843, 904, 604, 662, 926, 422, 676, 282, 815, 902, 689, 408, 861, 734, 524, 197, 635, 647, 720, 733, 903, 901, 548, 947, 912, 736, 779, 987, 255, 269, 947, 352, 935, 832, 351, 927, 778, 861, 803, 792, 949, 453, 864, 648, 536, 905, 393, 876, 605, 380, 833, 425, 425, 621, 591, 748, 422, 537, 675, 507, 790, 844, 893, 997, 978, 690, 948, 590, 705, 976, 774, 676, 676, 579, 988, 920, 902, 591, 859, 734, 926, 834, 926, 833, 368, 761, 534, 623, 732, 719, 999, 589, 833, 494, 903, 575, 647, 934, 772, 589, 367, 650, 212, 692, 872, 963, 395, 835, 821, 439, 737, 550, 536, 282, 991, 421, 819, 521, 282, 478, 878, 184, 677, 281, 956, 576, 862, 492, 991, 814, 969, 842, 352, 479, 589, 751, 561, 396, 843, 648, 891, 650, 465, 450, 848, 917, 834, 477, 969, 463, 368, 533, 534, 997, 352, 792, 591, 549, 590, 968, 589, 548, 836, 907, 998, 451, 907, 565, 848, 863, 864, 731, 902, 578, 267, 566, 649, 408, 846, 772, 524, 899, 736, 999, 1000, 956, 620, 451, 495, 394, 718, 368, 465, 379, 803, 508, 905, 652, 889, 521, 704, 998, 708, 636, 141, 875, 537, 691, 381, 856, 958, 652, 886, 928, 491, 481, 281, 680, 1000, 746, 505, 815, 986, 661, 323, 366, 972, 507, 677, 960, 902, 996, 842, 354, 842, 806, 734, 141, 918, 170, 636, 198, 380, 664, 792, 989, 562, 438, 339, 788, 957, 411, 340, 956, 807, 863, 309, 921, 368, 890, 562, 905, 268, 395, 932, 326, 933, 819, 297, 155, 478, 793, 510, 508, 590, 819, 339, 394, 776, 971, 958, 819, 620, 763, 861, 859, 197, 592, 464, 978, 326, 898, 760, 941, 765, 888, 704, 842, 786, 311, 609, 844, 704, 311, 929, 267, 850, 439, 605, 805, 452, 646, 635, 806, 169, 983, 884, 439, 309, 891, 992, 366, 926, 764, 884, 822, 411, 787, 721, 664, 593, 775, 705, 693, 690, 963, 984, 548, 211, 547, 992, 113, 367, 576, 721, 990, 480, 992, 580, 884, 410, 934, 607, 874, 822, 436, 550, 816, 972, 394, 505, 634, 688, 992, 748, 876, 928, 787, 589, 760, 940, 607, 818, 935, 225, 988, 864, 870, 505, 439, 907, 211, 536, 834, 537, 846, 547, 900, 917, 637, 477, 759, 778, 892, 943, 954, 141, 438, 607, 240, 859, 524, 959, 915, 552, 708, 551, 919, 478, 340, 535, 577, 453, 394, 409, 365, 790, 478, 366, 463, 566, 758, 463, 407, 857, 437, 477, 408, 578, 339, 903, 562, 550, 198, 846, 663, 481, 821, 706, 395, 255, 606, 884, 889, 763, 467, 919, 886, 971, 814, 225, 746, 804, 691, 846, 902, 998, 820, 905, 982, 521, 595, 674, 439, 689, 609, 984, 775, 478, 983, 665, 977, 622, 775, 453, 901, 394, 871, 986, 408, 946, 674, 907, 891, 987, 815, 878, 255, 828, 323, 931, 438, 976, 942, 990, 763, 957, 901, 834, 961, 847, 675, 340, 748, 366, 942, 760, 970, 326, 944, 871, 481, 509, 759, 702, 873, 832, 870, 296, 787, 594, 944, 337, 893, 864, 519, 239, 906, 439, 828, 183, 605, 623, 549, 744, 212, 856, 859, 719, 580, 885, 365, 449, 914, 225, 776, 820, 875, 521, 719, 477, 877, 661, 226, 581, 520, 905, 423, 325, 665, 747, 622, 141, 579, 141, 550, 394, 548, 577, 818, 623, 992, 833, 395, 731, 239, 183, 750, 688, 522, 917, 595, 113, 595, 972, 608, 833, 575, 535, 786, 464, 647, 963, 620, 849, 688, 988, 999, 197, 906, 113, 589, 606, 449, 758, 956, 731, 353, 946, 975, 877, 904, 510, 622, 649, 581, 957, 829, 493, 680, 393, 269, 793, 968, 481, 821, 748, 393, 608, 847, 494, 169, 552, 354, 948, 621, 693, 267, 380, 930, 948, 941, 750, 989, 844, 972, 719, 960, 605, 863, 632, 694, 311, 875, 903, 254, 579, 380, 789, 666, 521, 849, 282, 874, 677, 423, 337, 885, 352, 505, 858, 885, 859, 931, 958, 872, 141, 934, 790, 735, 663, 985, 803, 833, 862, 806, 746, 637, 281, 439, 679, 703, 889, 623, 913, 240, 962, 491, 394, 367, 577, 379, 947, 946, 704, 718, 760, 549, 878, 842, 593, 921, 843, 719, 649, 425, 959, 141, 575, 761, 750, 940, 1000, 535, 918, 997, 821, 565, 751, 636, 449, 521, 254, 662, 325, 849, 885, 477, 915, 519, 99, 818, 85, 945, 719, 917, 846, 548, 550, 860, 496, 762, 451, 565, 947, 521, 692, 538, 915, 509, 962, 510, 296, 744, 592, 804, 705, 410, 425, 580, 661, 886, 746, 692, 492, 805, 776, 704, 997, 899, 338, 831, 991, 905, 622, 750, 834, 184, 439, 452, 561, 311, 565, 954, 407, 702, 481, 564, 577, 971, 282, 534, 961, 982, 676, 916, 716, 575, 919, 982, 944, 325, 842, 523, 761, 842, 589, 648, 436, 832, 635, 828, 789, 974, 803, 912, 828, 862, 239, 892, 803, 885, 382, 832, 930, 765, 646, 663, 928, 534, 183, 437, 999, 878, 533, 735, 903, 619, 268, 409, 734, 884, 921, 971, 127, 492, 787, 691, 862, 778, 477, 737, 662, 737, 772, 480, 421, 957, 890, 721, 954, 507, 661, 801, 410, 842, 408, 748, 734, 718, 295, 779, 590, 85, 464, 746, 453, 578, 566, 920, 394, 411, 425, 745, 665, 326, 477, 466, 864, 834, 435, 226, 819, 702, 806, 990, 874, 776, 365, 988, 806, 353, 281, 814, 761, 935, 425, 818, 608, 917, 761, 789, 832, 992, 942, 915, 212, 354, 857, 396, 720, 661, 535, 935, 885, 197, 986, 680, 991, 394, 818, 913, 970, 870, 508, 509, 425, 887, 226, 464, 960, 575, 815, 974, 282, 510, 877, 914, 902, 367, 940, 212, 565, 945, 649, 928, 929, 395, 675, 549, 637, 744, 751, 169, 947, 800, 366, 717, 679, 892, 828, 438, 679, 788, 522, 893, 774, 870]

Test case: kplib-master/12Circle/n10000/R01000/s034.kp
Run time: 180.00026440620422 seconds
Total value = 52080883
Total weight = 2471693
Packed items: [2, 3, 5, 6, 7, 11, 14, 19, 21, 22, 23, 24, 28, 29, 32, 34, 36, 38, 40, 42, 44, 50, 55, 60, 62, 63, 66, 69, 71, 72, 79, 82, 86, 87, 88, 89, 92, 93, 94, 95, 97, 98, 100, 101, 105, 106, 107, 108, 109, 112, 113, 114, 118, 120, 121, 125, 126, 129, 132, 133, 135, 137, 141, 142, 143, 148, 149, 154, 161, 163, 164, 165, 170, 171, 172, 174, 176, 177, 178, 183, 184, 185, 190, 197, 199, 202, 204, 210, 211, 212, 213, 222, 232, 233, 234, 236, 237, 238, 240, 245, 247, 251, 252, 254, 257, 259, 262, 263, 264, 265, 275, 277, 278, 279, 280, 282, 283, 284, 285, 292, 296, 298, 302, 304, 305, 306, 307, 308, 309, 311, 312, 313, 315, 316, 319, 327, 328, 331, 332, 336, 337, 338, 340, 341, 342, 344, 345, 348, 350, 353, 356, 359, 365, 368, 369, 371, 372, 373, 375, 377, 379, 380, 382, 384, 385, 386, 388, 391, 392, 395, 400, 403, 404, 409, 411, 414, 415, 419, 423, 425, 426, 427, 429, 430, 433, 434, 438, 439, 441, 442, 447, 451, 454, 458, 466, 469, 471, 474, 478, 480, 481, 484, 487, 488, 489, 494, 501, 502, 506, 510, 512, 513, 514, 515, 518, 519, 520, 522, 523, 525, 526, 529, 530, 531, 533, 534, 537, 539, 540, 541, 543, 548, 552, 553, 554, 559, 561, 562, 563, 568, 572, 575, 576, 577, 581, 582, 586, 587, 596, 598, 599, 602, 604, 608, 611, 613, 614, 616, 617, 618, 620, 623, 627, 629, 632, 643, 650, 651, 653, 654, 655, 656, 660, 661, 663, 664, 665, 673, 682, 683, 687, 689, 695, 700, 701, 704, 706, 707, 708, 712, 714, 716, 718, 720, 723, 724, 725, 727, 730, 732, 745, 747, 750, 755, 757, 758, 759, 761, 765, 769, 772, 773, 774, 775, 777, 779, 782, 783, 784, 787, 789, 790, 791, 796, 799, 802, 805, 806, 807, 810, 812, 813, 814, 815, 816, 817, 822, 824, 827, 828, 829, 830, 839, 841, 844, 847, 849, 851, 853, 856, 858, 861, 862, 865, 866, 868, 869, 871, 872, 873, 874, 877, 878, 882, 883, 885, 887, 888, 890, 891, 892, 893, 898, 900, 901, 902, 904, 909, 911, 918, 920, 921, 922, 924, 927, 930, 931, 932, 933, 934, 936, 939, 940, 943, 945, 947, 953, 956, 959, 960, 961, 964, 967, 968, 970, 975, 976, 978, 982, 983, 985, 988, 990, 991, 992, 993, 994, 997, 1006, 1007, 1009, 1010, 1011, 1013, 1015, 1016, 1019, 1024, 1026, 1028, 1030, 1031, 1032, 1033, 1039, 1044, 1050, 1052, 1056, 1059, 1060, 1061, 1064, 1067, 1070, 1088, 1090, 1091, 1093, 1095, 1101, 1102, 1104, 1110, 1111, 1112, 1122, 1127, 1131, 1133, 1134, 1135, 1136, 1138, 1139, 1142, 1146, 1147, 1149, 1150, 1152, 1157, 1159, 1161, 1162, 1163, 1164, 1168, 1169, 1171, 1173, 1174, 1175, 1178, 1180, 1182, 1183, 1189, 1194, 1198, 1199, 1200, 1202, 1203, 1208, 1211, 1213, 1215, 1219, 1223, 1224, 1228, 1230, 1235, 1236, 1237, 1240, 1241, 1242, 1243, 1244, 1245, 1250, 1251, 1260, 1261, 1267, 1268, 1270, 1272, 1273, 1274, 1277, 1283, 1288, 1292, 1293, 1301, 1307, 1310, 1311, 1313, 1314, 1316, 1318, 1319, 1320, 1323, 1324, 1332, 1333, 1334, 1335, 1337, 1341, 1344, 1349, 1356, 1363, 1364, 1365, 1366, 1367, 1369, 1370, 1373, 1374, 1376, 1383, 1390, 1393, 1394, 1397, 1398, 1399, 1401, 1404, 1405, 1410, 1411, 1417, 1418, 1423, 1428, 1430, 1433, 1434, 1438, 1439, 1440, 1445, 1446, 1447, 1448, 1453, 1458, 1459, 1460, 1463, 1469, 1470, 1471, 1478, 1482, 1483, 1484, 1486, 1493, 1498, 1500, 1503, 1504, 1506, 1507, 1511, 1512, 1513, 1515, 1520, 1523, 1524, 1525, 1526, 1528, 1540, 1541, 1545, 1546, 1549, 1551, 1554, 1562, 1563, 1568, 1573, 1577, 1579, 1583, 1585, 1586, 1588, 1591, 1593, 1594, 1596, 1597, 1598, 1599, 1601, 1609, 1612, 1613, 1616, 1618, 1619, 1621, 1622, 1625, 1626, 1629, 1631, 1633, 1634, 1636, 1638, 1641, 1647, 1649, 1651, 1653, 1657, 1660, 1662, 1663, 1664, 1665, 1666, 1669, 1672, 1674, 1678, 1679, 1680, 1683, 1685, 1686, 1687, 1690, 1695, 1698, 1701, 1710, 1724, 1726, 1727, 1730, 1737, 1742, 1745, 1748, 1768, 1770, 1771, 1773, 1777, 1778, 1781, 1786, 1788, 1792, 1793, 1794, 1795, 1801, 1803, 1807, 1810, 1813, 1814, 1816, 1818, 1827, 1828, 1832, 1833, 1836, 1841, 1843, 1846, 1847, 1848, 1851, 1853, 1857, 1858, 1861, 1865, 1866, 1867, 1869, 1871, 1873, 1874, 1877, 1880, 1884, 1886, 1892, 1894, 1896, 1898, 1900, 1901, 1902, 1904, 1907, 1909, 1913, 1917, 1924, 1925, 1926, 1927, 1931, 1937, 1939, 1940, 1941, 1942, 1946, 1950, 1951, 1952, 1953, 1956, 1961, 1969, 1971, 1972, 1974, 1975, 1976, 1977, 1978, 1979, 1981, 1985, 1988, 1989, 1998, 2006, 2007, 2012, 2013, 2014, 2015, 2017, 2022, 2027, 2028, 2030, 2037, 2042, 2044, 2045, 2047, 2049, 2052, 2060, 2061, 2065, 2070, 2073, 2074, 2081, 2083, 2097, 2105, 2114, 2119, 2123, 2125, 2128, 2131, 2134, 2136, 2139, 2140, 2141, 2143, 2144, 2146, 2147, 2150, 2155, 2156, 2161, 2162, 2169, 2171, 2172, 2174, 2175, 2177, 2180, 2183, 2185, 2188, 2190, 2194, 2195, 2198, 2199, 2200, 2202, 2203, 2208, 2213, 2220, 2221, 2223, 2224, 2225, 2227, 2230, 2231, 2235, 2239, 2240, 2248, 2249, 2250, 2251, 2253, 2259, 2260, 2263, 2264, 2267, 2268, 2269, 2271, 2272, 2278, 2279, 2280, 2281, 2285, 2289, 2290, 2292, 2293, 2295, 2296, 2297, 2298, 2299, 2301, 2303, 2306, 2307, 2309, 2315, 2319, 2320, 2321, 2323, 2324, 2325, 2326, 2333, 2334, 2336, 2338, 2340, 2341, 2346, 2353, 2355, 2357, 2358, 2368, 2369, 2371, 2374, 2382, 2387, 2390, 2391, 2392, 2400, 2404, 2406, 2407, 2408, 2410, 2411, 2413, 2416, 2421, 2425, 2430, 2432, 2438, 2440, 2441, 2443, 2445, 2446, 2447, 2449, 2451, 2454, 2455, 2458, 2460, 2462, 2463, 2466, 2469, 2472, 2473, 2474, 2476, 2477, 2479, 2481, 2487, 2488, 2491, 2493, 2495, 2496, 2502, 2503, 2504, 2505, 2507, 2511, 2516, 2525, 2526, 2527, 2529, 2530, 2531, 2532, 2540, 2544, 2546, 2553, 2556, 2564, 2569, 2570, 2574, 2575, 2582, 2583, 2584, 2586, 2588, 2589, 2590, 2591, 2597, 2598, 2599, 2604, 2610, 2613, 2614, 2616, 2618, 2619, 2621, 2623, 2625, 2629, 2632, 2639, 2640, 2644, 2646, 2648, 2649, 2652, 2657, 2662, 2664, 2669, 2673, 2674, 2675, 2676, 2677, 2679, 2680, 2682, 2683, 2684, 2685, 2686, 2687, 2688, 2691, 2693, 2697, 2698, 2702, 2705, 2708, 2710, 2711, 2714, 2719, 2725, 2730, 2731, 2734, 2739, 2743, 2745, 2748, 2749, 2754, 2756, 2761, 2763, 2768, 2770, 2772, 2773, 2778, 2781, 2782, 2787, 2792, 2793, 2794, 2796, 2797, 2798, 2799, 2806, 2808, 2814, 2817, 2822, 2824, 2826, 2829, 2831, 2832, 2834, 2835, 2838, 2841, 2843, 2846, 2847, 2848, 2852, 2856, 2859, 2865, 2868, 2870, 2873, 2874, 2875, 2881, 2882, 2883, 2889, 2894, 2896, 2897, 2899, 2900, 2908, 2909, 2913, 2914, 2917, 2932, 2933, 2936, 2937, 2940, 2943, 2944, 2945, 2948, 2951, 2952, 2954, 2955, 2956, 2958, 2959, 2962, 2964, 2965, 2966, 2967, 2970, 2974, 2975, 2976, 2980, 2985, 2988, 2990, 2991, 2995, 2999, 3002, 3003, 3006, 3010, 3014, 3019, 3020, 3021, 3023, 3025, 3026, 3031, 3033, 3034, 3035, 3036, 3038, 3042, 3043, 3045, 3046, 3049, 3057, 3066, 3069, 3070, 3074, 3077, 3078, 3079, 3080, 3081, 3088, 3092, 3095, 3096, 3098, 3100, 3102, 3104, 3105, 3109, 3111, 3113, 3114, 3116, 3118, 3119, 3120, 3123, 3124, 3126, 3128, 3130, 3135, 3137, 3138, 3146, 3147, 3148, 3149, 3153, 3154, 3155, 3159, 3161, 3163, 3165, 3169, 3171, 3173, 3175, 3177, 3179, 3184, 3186, 3187, 3191, 3192, 3193, 3195, 3197, 3198, 3199, 3203, 3204, 3206, 3207, 3208, 3213, 3216, 3218, 3219, 3220, 3221, 3224, 3227, 3229, 3233, 3235, 3237, 3242, 3245, 3246, 3252, 3254, 3256, 3260, 3263, 3269, 3279, 3280, 3281, 3282, 3285, 3287, 3290, 3291, 3294, 3295, 3297, 3300, 3304, 3308, 3311, 3314, 3315, 3316, 3320, 3321, 3325, 3326, 3329, 3331, 3333, 3334, 3337, 3340, 3341, 3342, 3344, 3348, 3353, 3354, 3356, 3357, 3361, 3362, 3363, 3366, 3379, 3380, 3385, 3390, 3395, 3397, 3399, 3401, 3406, 3407, 3411, 3413, 3416, 3417, 3418, 3430, 3431, 3432, 3433, 3440, 3447, 3448, 3452, 3459, 3460, 3462, 3465, 3473, 3482, 3483, 3485, 3488, 3490, 3491, 3498, 3499, 3505, 3508, 3509, 3511, 3513, 3516, 3526, 3528, 3530, 3534, 3536, 3541, 3547, 3548, 3549, 3553, 3556, 3560, 3565, 3566, 3567, 3569, 3570, 3580, 3581, 3587, 3590, 3592, 3595, 3597, 3598, 3604, 3607, 3612, 3617, 3620, 3633, 3637, 3638, 3642, 3645, 3646, 3652, 3655, 3658, 3660, 3661, 3665, 3668, 3670, 3672, 3673, 3679, 3681, 3682, 3683, 3685, 3689, 3690, 3696, 3697, 3699, 3702, 3703, 3718, 3721, 3723, 3724, 3726, 3727, 3731, 3732, 3733, 3737, 3741, 3742, 3743, 3744, 3749, 3758, 3766, 3767, 3772, 3773, 3776, 3777, 3782, 3785, 3787, 3788, 3791, 3793, 3795, 3799, 3804, 3805, 3806, 3810, 3812, 3813, 3815, 3818, 3819, 3820, 3821, 3824, 3827, 3832, 3834, 3837, 3842, 3850, 3851, 3854, 3856, 3859, 3861, 3867, 3868, 3869, 3870, 3871, 3873, 3875, 3876, 3877, 3878, 3879, 3880, 3881, 3885, 3890, 3898, 3900, 3901, 3902, 3904, 3910, 3915, 3916, 3919, 3922, 3924, 3925, 3928, 3935, 3939, 3940, 3943, 3946, 3961, 3962, 3964, 3965, 3966, 3970, 3972, 3973, 3978, 3980, 3983, 3987, 3989, 3993, 3998, 4002, 4003, 4005, 4006, 4007, 4010, 4016, 4017, 4021, 4026, 4027, 4029, 4033, 4035, 4036, 4040, 4043, 4044, 4060, 4062, 4064, 4065, 4066, 4068, 4076, 4079, 4080, 4084, 4094, 4095, 4096, 4102, 4107, 4110, 4111, 4112, 4113, 4115, 4116, 4119, 4124, 4136, 4141, 4144, 4148, 4151, 4153, 4154, 4155, 4159, 4160, 4167, 4168, 4169, 4170, 4174, 4182, 4187, 4196, 4197, 4198, 4199, 4200, 4201, 4202, 4203, 4204, 4206, 4210, 4222, 4229, 4231, 4232, 4235, 4238, 4239, 4241, 4243, 4244, 4245, 4248, 4251, 4253, 4254, 4257, 4258, 4263, 4266, 4268, 4270, 4274, 4277, 4278, 4286, 4287, 4293, 4295, 4296, 4298, 4302, 4303, 4308, 4309, 4310, 4312, 4317, 4318, 4322, 4325, 4327, 4328, 4340, 4343, 4346, 4347, 4350, 4353, 4356, 4358, 4359, 4362, 4364, 4365, 4370, 4371, 4375, 4377, 4385, 4387, 4392, 4393, 4396, 4401, 4402, 4405, 4406, 4407, 4409, 4412, 4414, 4418, 4421, 4422, 4423, 4432, 4433, 4436, 4437, 4439, 4440, 4443, 4444, 4446, 4447, 4448, 4450, 4452, 4453, 4458, 4459, 4462, 4467, 4469, 4470, 4472, 4476, 4481, 4486, 4491, 4494, 4499, 4500, 4503, 4505, 4509, 4511, 4513, 4514, 4515, 4520, 4521, 4522, 4523, 4527, 4532, 4533, 4536, 4537, 4540, 4543, 4549, 4551, 4554, 4555, 4556, 4558, 4559, 4560, 4563, 4564, 4565, 4566, 4568, 4569, 4570, 4573, 4576, 4577, 4578, 4581, 4590, 4596, 4602, 4613, 4614, 4615, 4621, 4629, 4632, 4635, 4636, 4637, 4640, 4644, 4649, 4654, 4655, 4657, 4658, 4661, 4665, 4669, 4670, 4674, 4686, 4692, 4695, 4696, 4697, 4699, 4711, 4713, 4714, 4718, 4720, 4722, 4727, 4732, 4735, 4740, 4743, 4745, 4756, 4760, 4762, 4768, 4769, 4770, 4771, 4772, 4774, 4779, 4784, 4789, 4792, 4793, 4796, 4797, 4799, 4800, 4807, 4808, 4810, 4811, 4813, 4817, 4821, 4823, 4824, 4831, 4836, 4838, 4839, 4842, 4846, 4849, 4850, 4852, 4854, 4857, 4859, 4863, 4866, 4869, 4871, 4872, 4873, 4874, 4876, 4877, 4882, 4900, 4901, 4903, 4904, 4905, 4906, 4909, 4910, 4912, 4922, 4925, 4927, 4930, 4933, 4934, 4936, 4939, 4941, 4952, 4954, 4955, 4964, 4965, 4966, 4969, 4970, 4972, 4973, 4974, 4979, 4983, 4986, 4989, 4990, 4991, 4997, 4999, 5000, 5002, 5004, 5008, 5009, 5014, 5016, 5018, 5023, 5025, 5026, 5042, 5047, 5048, 5049, 5050, 5052, 5054, 5055, 5069, 5071, 5076, 5079, 5081, 5083, 5084, 5088, 5092, 5093, 5098, 5106, 5107, 5109, 5112, 5113, 5116, 5118, 5121, 5123, 5128, 5132, 5134, 5135, 5136, 5137, 5139, 5140, 5145, 5146, 5148, 5150, 5151, 5154, 5157, 5158, 5159, 5160, 5163, 5164, 5165, 5166, 5167, 5170, 5174, 5175, 5176, 5180, 5182, 5183, 5186, 5187, 5190, 5191, 5194, 5205, 5206, 5209, 5212, 5218, 5221, 5225, 5226, 5229, 5231, 5235, 5244, 5248, 5252, 5256, 5259, 5263, 5265, 5267, 5272, 5274, 5275, 5279, 5280, 5283, 5284, 5285, 5290, 5291, 5293, 5294, 5299, 5301, 5302, 5305, 5306, 5307, 5308, 5309, 5316, 5324, 5327, 5336, 5339, 5341, 5342, 5343, 5344, 5346, 5348, 5349, 5350, 5351, 5352, 5354, 5356, 5358, 5362, 5363, 5365, 5367, 5368, 5371, 5377, 5381, 5383, 5385, 5387, 5390, 5391, 5394, 5397, 5398, 5404, 5405, 5407, 5408, 5411, 5417, 5421, 5423, 5425, 5427, 5428, 5432, 5433, 5434, 5437, 5438, 5444, 5451, 5452, 5453, 5459, 5463, 5464, 5467, 5469, 5470, 5473, 5474, 5475, 5479, 5484, 5487, 5488, 5489, 5493, 5495, 5497, 5502, 5504, 5510, 5511, 5512, 5521, 5535, 5536, 5542, 5543, 5546, 5550, 5551, 5552, 5553, 5555, 5556, 5561, 5565, 5566, 5567, 5568, 5571, 5572, 5579, 5580, 5582, 5584, 5587, 5591, 5593, 5600, 5601, 5607, 5612, 5616, 5621, 5625, 5627, 5630, 5634, 5635, 5637, 5639, 5640, 5645, 5647, 5649, 5651, 5658, 5663, 5664, 5665, 5666, 5674, 5675, 5676, 5677, 5678, 5679, 5682, 5683, 5685, 5687, 5689, 5691, 5693, 5694, 5695, 5696, 5698, 5702, 5705, 5712, 5714, 5715, 5719, 5726, 5728, 5735, 5748, 5751, 5753, 5754, 5758, 5760, 5761, 5765, 5770, 5771, 5774, 5778, 5781, 5782, 5783, 5784, 5788, 5789, 5791, 5798, 5799, 5800, 5802, 5805, 5808, 5809, 5810, 5814, 5817, 5818, 5820, 5821, 5822, 5823, 5824, 5825, 5826, 5828, 5829, 5831, 5835, 5842, 5843, 5846, 5850, 5851, 5853, 5854, 5856, 5862, 5863, 5867, 5874, 5878, 5879, 5880, 5884, 5888, 5889, 5891, 5893, 5894, 5896, 5897, 5899, 5902, 5903, 5905, 5906, 5907, 5909, 5912, 5915, 5917, 5920, 5930, 5936, 5937, 5938, 5940, 5941, 5943, 5946, 5947, 5948, 5949, 5950, 5951, 5952, 5953, 5957, 5959, 5962, 5963, 5968, 5970, 5972, 5973, 5974, 5980, 5981, 5983, 5987, 5992, 5996, 5999, 6003, 6005, 6007, 6012, 6013, 6015, 6016, 6017, 6019, 6021, 6023, 6024, 6025, 6026, 6030, 6032, 6034, 6037, 6039, 6041, 6044, 6045, 6048, 6051, 6053, 6057, 6062, 6070, 6071, 6077, 6080, 6083, 6086, 6089, 6091, 6092, 6094, 6095, 6103, 6104, 6119, 6122, 6123, 6126, 6128, 6130, 6131, 6133, 6136, 6138, 6143, 6145, 6149, 6156, 6157, 6158, 6159, 6162, 6165, 6167, 6168, 6169, 6170, 6172, 6182, 6184, 6186, 6189, 6190, 6191, 6192, 6194, 6197, 6200, 6202, 6206, 6207, 6211, 6214, 6216, 6217, 6219, 6223, 6226, 6229, 6230, 6231, 6235, 6236, 6237, 6238, 6240, 6241, 6246, 6249, 6250, 6251, 6252, 6255, 6257, 6261, 6266, 6269, 6271, 6272, 6277, 6280, 6281, 6283, 6285, 6287, 6291, 6292, 6293, 6295, 6296, 6299, 6300, 6301, 6303, 6304, 6309, 6310, 6313, 6315, 6316, 6321, 6322, 6329, 6331, 6332, 6333, 6334, 6335, 6337, 6338, 6339, 6342, 6343, 6344, 6347, 6350, 6352, 6354, 6355, 6356, 6357, 6358, 6359, 6362, 6368, 6369, 6371, 6374, 6377, 6378, 6384, 6391, 6392, 6394, 6395, 6399, 6400, 6402, 6407, 6408, 6415, 6422, 6423, 6426, 6429, 6430, 6434, 6436, 6444, 6454, 6459, 6460, 6465, 6466, 6468, 6470, 6471, 6472, 6476, 6477, 6478, 6479, 6485, 6486, 6487, 6489, 6490, 6491, 6494, 6501, 6505, 6514, 6515, 6525, 6526, 6527, 6532, 6539, 6540, 6542, 6543, 6544, 6545, 6548, 6549, 6550, 6551, 6555, 6557, 6559, 6560, 6562, 6568, 6574, 6581, 6582, 6583, 6586, 6588, 6589, 6592, 6594, 6595, 6597, 6598, 6600, 6604, 6608, 6614, 6619, 6620, 6621, 6625, 6629, 6631, 6633, 6634, 6636, 6641, 6650, 6652, 6656, 6657, 6661, 6662, 6668, 6670, 6674, 6677, 6680, 6682, 6684, 6685, 6688, 6690, 6694, 6695, 6696, 6697, 6699, 6701, 6702, 6703, 6707, 6708, 6720, 6726, 6732, 6734, 6737, 6738, 6741, 6742, 6743, 6746, 6747, 6749, 6750, 6754, 6759, 6760, 6764, 6766, 6768, 6769, 6771, 6776, 6778, 6779, 6780, 6784, 6785, 6788, 6795, 6797, 6798, 6799, 6808, 6809, 6811, 6812, 6813, 6819, 6820, 6822, 6823, 6824, 6825, 6827, 6832, 6833, 6834, 6837, 6838, 6842, 6844, 6853, 6855, 6858, 6859, 6862, 6863, 6866, 6878, 6884, 6890, 6892, 6895, 6900, 6901, 6903, 6904, 6906, 6910, 6911, 6913, 6916, 6921, 6922, 6923, 6925, 6928, 6929, 6930, 6931, 6933, 6934, 6937, 6938, 6940, 6942, 6943, 6944, 6946, 6947, 6948, 6951, 6953, 6954, 6955, 6956, 6961, 6962, 6967, 6972, 6973, 6979, 6985, 6986, 6987, 6988, 6992, 6998, 7000, 7002, 7003, 7005, 7007, 7014, 7015, 7016, 7017, 7020, 7024, 7025, 7026, 7029, 7032, 7034, 7035, 7038, 7042, 7044, 7045, 7046, 7048, 7050, 7053, 7058, 7062, 7071, 7072, 7077, 7081, 7082, 7084, 7085, 7086, 7088, 7089, 7098, 7105, 7110, 7115, 7116, 7118, 7119, 7122, 7123, 7124, 7126, 7130, 7136, 7138, 7140, 7142, 7143, 7145, 7146, 7153, 7154, 7156, 7160, 7163, 7166, 7167, 7171, 7175, 7178, 7179, 7181, 7183, 7186, 7194, 7195, 7198, 7206, 7208, 7212, 7213, 7216, 7221, 7226, 7229, 7230, 7234, 7241, 7244, 7247, 7248, 7250, 7251, 7257, 7258, 7263, 7264, 7277, 7280, 7282, 7283, 7287, 7288, 7290, 7297, 7299, 7300, 7304, 7307, 7308, 7310, 7311, 7313, 7314, 7321, 7322, 7325, 7326, 7328, 7337, 7338, 7339, 7341, 7345, 7346, 7349, 7350, 7352, 7353, 7355, 7356, 7357, 7359, 7360, 7361, 7364, 7366, 7371, 7373, 7376, 7381, 7384, 7389, 7391, 7392, 7396, 7398, 7399, 7400, 7406, 7407, 7409, 7410, 7417, 7422, 7424, 7426, 7427, 7428, 7429, 7430, 7431, 7434, 7435, 7438, 7441, 7442, 7443, 7451, 7453, 7454, 7456, 7459, 7463, 7465, 7468, 7474, 7477, 7483, 7486, 7489, 7492, 7496, 7501, 7504, 7506, 7507, 7512, 7514, 7517, 7522, 7523, 7527, 7528, 7529, 7531, 7532, 7535, 7541, 7542, 7546, 7547, 7553, 7556, 7561, 7563, 7564, 7566, 7568, 7571, 7572, 7574, 7576, 7578, 7585, 7587, 7588, 7591, 7597, 7599, 7600, 7604, 7606, 7608, 7609, 7612, 7615, 7616, 7617, 7618, 7619, 7620, 7622, 7631, 7634, 7639, 7643, 7648, 7652, 7654, 7656, 7658, 7660, 7664, 7666, 7669, 7672, 7673, 7674, 7683, 7686, 7690, 7691, 7694, 7696, 7697, 7699, 7704, 7705, 7709, 7710, 7712, 7716, 7719, 7720, 7723, 7728, 7730, 7731, 7734, 7743, 7749, 7756, 7759, 7760, 7762, 7766, 7767, 7770, 7771, 7772, 7773, 7775, 7779, 7782, 7785, 7786, 7787, 7788, 7792, 7794, 7797, 7799, 7802, 7809, 7811, 7813, 7815, 7818, 7821, 7822, 7823, 7825, 7827, 7839, 7840, 7842, 7843, 7845, 7851, 7857, 7860, 7861, 7863, 7867, 7868, 7877, 7878, 7879, 7883, 7886, 7893, 7897, 7898, 7901, 7903, 7904, 7906, 7908, 7909, 7911, 7912, 7913, 7914, 7915, 7916, 7919, 7921, 7923, 7926, 7930, 7931, 7932, 7934, 7935, 7939, 7943, 7948, 7955, 7964, 7965, 7969, 7970, 7980, 7981, 7982, 7983, 7986, 7987, 7988, 7993, 7994, 7998, 7999, 8004, 8005, 8007, 8013, 8017, 8019, 8022, 8027, 8031, 8033, 8034, 8040, 8047, 8054, 8057, 8059, 8061, 8063, 8065, 8066, 8067, 8075, 8077, 8079, 8080, 8083, 8094, 8098, 8101, 8102, 8106, 8107, 8109, 8114, 8115, 8117, 8118, 8120, 8123, 8125, 8136, 8137, 8139, 8141, 8142, 8143, 8145, 8146, 8147, 8149, 8150, 8152, 8154, 8155, 8156, 8163, 8164, 8170, 8177, 8178, 8180, 8181, 8186, 8187, 8188, 8189, 8191, 8192, 8195, 8197, 8199, 8200, 8202, 8203, 8205, 8207, 8214, 8216, 8220, 8223, 8227, 8228, 8234, 8237, 8247, 8248, 8250, 8252, 8259, 8260, 8264, 8265, 8268, 8269, 8272, 8274, 8275, 8278, 8279, 8287, 8289, 8295, 8296, 8298, 8302, 8303, 8305, 8311, 8312, 8314, 8316, 8317, 8318, 8322, 8327, 8328, 8329, 8335, 8339, 8346, 8347, 8349, 8356, 8359, 8361, 8365, 8367, 8377, 8378, 8384, 8390, 8392, 8397, 8399, 8402, 8403, 8404, 8408, 8410, 8411, 8412, 8413, 8414, 8420, 8423, 8425, 8426, 8429, 8435, 8436, 8439, 8440, 8442, 8443, 8448, 8449, 8451, 8453, 8455, 8457, 8458, 8459, 8463, 8467, 8468, 8470, 8472, 8473, 8474, 8476, 8478, 8492, 8494, 8499, 8501, 8502, 8503, 8505, 8506, 8508, 8511, 8514, 8516, 8518, 8519, 8520, 8522, 8523, 8525, 8526, 8529, 8531, 8532, 8537, 8541, 8542, 8544, 8546, 8547, 8548, 8549, 8551, 8555, 8559, 8561, 8562, 8563, 8569, 8571, 8574, 8576, 8578, 8581, 8582, 8584, 8585, 8590, 8599, 8601, 8605, 8606, 8610, 8612, 8613, 8616, 8617, 8620, 8621, 8624, 8628, 8631, 8632, 8635, 8638, 8642, 8643, 8645, 8647, 8651, 8652, 8654, 8657, 8658, 8661, 8662, 8671, 8674, 8678, 8682, 8692, 8697, 8698, 8699, 8704, 8706, 8709, 8710, 8713, 8721, 8727, 8728, 8730, 8732, 8733, 8734, 8738, 8744, 8746, 8748, 8754, 8757, 8762, 8763, 8767, 8768, 8770, 8771, 8775, 8778, 8779, 8781, 8784, 8789, 8791, 8792, 8801, 8807, 8810, 8811, 8820, 8822, 8825, 8826, 8827, 8829, 8830, 8834, 8836, 8840, 8842, 8844, 8845, 8846, 8847, 8848, 8851, 8852, 8853, 8854, 8860, 8863, 8865, 8872, 8873, 8875, 8877, 8879, 8881, 8882, 8888, 8889, 8890, 8891, 8893, 8896, 8903, 8904, 8907, 8912, 8925, 8930, 8937, 8940, 8942, 8946, 8951, 8953, 8954, 8955, 8957, 8958, 8961, 8966, 8970, 8971, 8976, 8978, 8979, 8980, 8983, 8985, 8989, 8990, 8994, 9001, 9002, 9003, 9006, 9007, 9008, 9010, 9014, 9016, 9020, 9027, 9028, 9030, 9033, 9034, 9039, 9040, 9043, 9047, 9050, 9052, 9066, 9077, 9084, 9087, 9094, 9098, 9100, 9103, 9108, 9116, 9119, 9126, 9127, 9130, 9131, 9132, 9138, 9141, 9145, 9146, 9148, 9150, 9152, 9153, 9154, 9155, 9157, 9159, 9160, 9163, 9167, 9170, 9171, 9176, 9177, 9178, 9179, 9185, 9187, 9189, 9190, 9193, 9196, 9200, 9207, 9208, 9212, 9213, 9223, 9225, 9228, 9232, 9234, 9239, 9241, 9242, 9244, 9245, 9247, 9248, 9251, 9257, 9260, 9262, 9263, 9268, 9271, 9278, 9279, 9286, 9287, 9292, 9300, 9304, 9309, 9310, 9311, 9312, 9316, 9317, 9318, 9320, 9322, 9327, 9335, 9339, 9342, 9343, 9350, 9353, 9355, 9357, 9359, 9360, 9362, 9363, 9364, 9366, 9368, 9377, 9378, 9379, 9382, 9383, 9393, 9395, 9398, 9405, 9406, 9409, 9412, 9416, 9418, 9426, 9428, 9432, 9435, 9436, 9438, 9439, 9440, 9441, 9442, 9443, 9446, 9448, 9449, 9453, 9457, 9458, 9459, 9460, 9461, 9464, 9474, 9475, 9476, 9477, 9480, 9484, 9485, 9488, 9490, 9494, 9495, 9504, 9506, 9507, 9509, 9511, 9512, 9515, 9516, 9521, 9523, 9524, 9526, 9529, 9530, 9534, 9538, 9540, 9541, 9543, 9544, 9548, 9549, 9553, 9554, 9555, 9559, 9561, 9563, 9567, 9569, 9573, 9575, 9577, 9578, 9579, 9581, 9582, 9583, 9586, 9588, 9590, 9597, 9600, 9607, 9611, 9614, 9624, 9628, 9633, 9635, 9636, 9638, 9639, 9641, 9642, 9644, 9645, 9649, 9651, 9652, 9654, 9657, 9658, 9659, 9660, 9663, 9664, 9670, 9671, 9672, 9673, 9674, 9675, 9676, 9678, 9684, 9687, 9690, 9698, 9699, 9700, 9702, 9703, 9709, 9715, 9716, 9720, 9722, 9723, 9726, 9728, 9733, 9734, 9735, 9743, 9746, 9749, 9753, 9755, 9758, 9760, 9761, 9766, 9767, 9769, 9770, 9773, 9776, 9782, 9792, 9793, 9796, 9797, 9798, 9800, 9803, 9809, 9810, 9811, 9812, 9814, 9816, 9817, 9824, 9825, 9829, 9830, 9831, 9834, 9835, 9841, 9842, 9844, 9846, 9849, 9850, 9856, 9862, 9869, 9874, 9876, 9877, 9878, 9879, 9881, 9882, 9884, 9885, 9887, 9889, 9890, 9892, 9893, 9894, 9896, 9898, 9899, 9901, 9902, 9904, 9906, 9908, 9913, 9914, 9915, 9920, 9930, 9933, 9934, 9939, 9940, 9943, 9945, 9946, 9950, 9953, 9958, 9960, 9963, 9965, 9973, 9974, 9977, 9982, 9986, 9987, 9988, 9993, 9995, 9996, 9999]
Packed_weights: [844, 899, 365, 949, 425, 155, 777, 552, 801, 934, 589, 637, 536, 608, 424, 816, 749, 281, 283, 792, 777, 421, 297, 407, 944, 310, 759, 871, 735, 337, 935, 533, 973, 859, 548, 764, 997, 155, 933, 986, 814, 989, 465, 594, 704, 858, 735, 861, 605, 407, 463, 494, 946, 983, 833, 956, 311, 621, 722, 635, 281, 777, 534, 521, 969, 884, 892, 505, 944, 847, 435, 609, 963, 992, 750, 990, 676, 408, 776, 225, 198, 703, 945, 861, 267, 744, 354, 804, 113, 929, 562, 857, 581, 803, 113, 690, 577, 828, 609, 734, 846, 534, 622, 592, 297, 324, 930, 848, 899, 649, 394, 778, 803, 748, 113, 956, 618, 946, 408, 535, 465, 962, 425, 225, 744, 746, 662, 996, 958, 878, 679, 778, 934, 694, 366, 352, 652, 984, 748, 677, 944, 310, 962, 821, 520, 326, 493, 254, 730, 679, 872, 578, 918, 366, 722, 777, 549, 618, 871, 449, 929, 934, 975, 985, 749, 772, 183, 943, 506, 803, 296, 735, 999, 424, 496, 969, 396, 339, 693, 311, 843, 465, 267, 393, 451, 453, 435, 991, 969, 496, 818, 959, 562, 706, 926, 737, 861, 927, 425, 664, 691, 786, 719, 958, 744, 831, 408, 900, 254, 453, 666, 637, 648, 920, 609, 595, 730, 410, 921, 888, 786, 394, 930, 239, 844, 367, 719, 945, 453, 847, 820, 479, 507, 619, 926, 606, 931, 664, 915, 912, 562, 694, 902, 411, 916, 509, 632, 761, 577, 870, 409, 985, 819, 735, 563, 787, 942, 661, 463, 800, 949, 255, 898, 492, 297, 408, 891, 968, 892, 562, 649, 987, 680, 354, 778, 759, 773, 988, 255, 930, 900, 862, 959, 864, 537, 634, 609, 169, 887, 792, 211, 733, 565, 579, 663, 694, 702, 847, 996, 494, 561, 255, 451, 365, 366, 801, 929, 620, 958, 576, 620, 762, 702, 309, 814, 963, 297, 844, 762, 918, 985, 436, 537, 678, 751, 691, 562, 830, 732, 904, 464, 821, 523, 758, 337, 581, 183, 689, 492, 763, 382, 141, 649, 907, 536, 986, 676, 660, 703, 904, 508, 365, 800, 705, 522, 127, 564, 575, 295, 467, 561, 240, 622, 381, 326, 885, 977, 804, 477, 900, 871, 679, 875, 170, 774, 382, 862, 989, 268, 848, 941, 622, 889, 946, 978, 890, 845, 423, 857, 438, 907, 296, 982, 664, 960, 495, 876, 366, 859, 949, 751, 422, 946, 849, 774, 621, 961, 805, 737, 310, 479, 367, 746, 917, 901, 435, 395, 44, 507, 874, 720, 898, 988, 943, 903, 913, 848, 679, 633, 899, 637, 961, 99, 435, 537, 830, 916, 941, 282, 323, 325, 679, 452, 955, 702, 717, 816, 393, 506, 575, 888, 283, 708, 732, 506, 226, 899, 962, 972, 677, 989, 606, 744, 580, 800, 410, 646, 689, 564, 745, 424, 954, 947, 912, 479, 635, 943, 878, 929, 932, 366, 651, 931, 777, 927, 984, 862, 411, 954, 538, 660, 971, 857, 295, 747, 778, 407, 959, 239, 863, 636, 692, 892, 948, 689, 604, 85, 929, 859, 340, 773, 930, 465, 761, 730, 464, 339, 622, 912, 861, 704, 550, 127, 963, 958, 892, 832, 900, 779, 353, 818, 689, 674, 843, 934, 661, 675, 674, 857, 918, 309, 928, 381, 1000, 382, 651, 211, 704, 693, 779, 99, 899, 594, 790, 748, 806, 604, 424, 113, 702, 759, 618, 892, 665, 408, 935, 833, 821, 872, 407, 888, 892, 864, 437, 381, 914, 664, 338, 919, 898, 703, 901, 211, 807, 844, 919, 705, 759, 590, 198, 892, 646, 325, 367, 874, 521, 674, 310, 366, 592, 281, 971, 649, 719, 900, 507, 974, 689, 649, 661, 717, 352, 480, 735, 351, 590, 155, 821, 970, 874, 830, 380, 864, 226, 519, 495, 421, 745, 918, 295, 606, 562, 533, 580, 296, 464, 651, 438, 891, 436, 325, 592, 765, 536, 425, 750, 674, 958, 716, 508, 507, 580, 99, 970, 833, 366, 884, 954, 309, 948, 988, 929, 763, 664, 606, 618, 379, 959, 594, 665, 819, 649, 635, 649, 155, 788, 734, 297, 579, 691, 551, 549, 665, 986, 636, 664, 959, 550, 563, 323, 562, 579, 737, 858, 507, 212, 805, 832, 410, 999, 351, 338, 789, 998, 935, 845, 552, 689, 212, 565, 508, 716, 862, 997, 675, 817, 900, 947, 226, 451, 565, 717, 717, 666, 604, 496, 648, 410, 884, 985, 436, 396, 451, 283, 651, 155, 887, 788, 731, 818, 649, 564, 721, 863, 580, 240, 634, 408, 978, 821, 746, 324, 830, 801, 423, 453, 365, 942, 565, 354, 563, 646, 481, 409, 876, 949, 733, 807, 745, 463, 842, 664, 861, 971, 409, 987, 606, 932, 547, 311, 717, 806, 986, 522, 492, 943, 806, 395, 580, 450, 510, 735, 535, 240, 822, 891, 987, 325, 666, 184, 819, 450, 607, 522, 495, 677, 703, 930, 619, 632, 496, 593, 920, 450, 716, 506, 998, 520, 760, 948, 946, 353, 660, 730, 944, 919, 927, 997, 464, 507, 593, 708, 605, 239, 704, 663, 744, 751, 522, 759, 954, 748, 425, 873, 646, 564, 956, 618, 522, 719, 297, 662, 829, 843, 904, 604, 662, 926, 422, 676, 282, 815, 902, 689, 408, 861, 734, 524, 197, 635, 647, 720, 733, 903, 901, 548, 947, 912, 736, 779, 987, 255, 269, 947, 352, 935, 832, 351, 927, 778, 861, 803, 792, 949, 453, 864, 648, 536, 905, 393, 876, 605, 380, 833, 425, 425, 621, 591, 748, 422, 537, 675, 507, 790, 844, 997, 978, 690, 948, 590, 705, 976, 774, 676, 676, 579, 988, 920, 902, 591, 859, 734, 926, 834, 926, 833, 368, 761, 534, 623, 732, 719, 999, 589, 833, 494, 903, 575, 647, 934, 772, 589, 367, 650, 212, 692, 872, 963, 395, 835, 821, 439, 737, 550, 536, 282, 991, 421, 819, 521, 282, 478, 878, 184, 677, 281, 956, 576, 862, 492, 991, 814, 969, 842, 352, 479, 589, 751, 561, 396, 843, 648, 891, 650, 465, 450, 848, 917, 834, 477, 969, 463, 368, 533, 534, 997, 352, 792, 591, 549, 590, 968, 589, 548, 836, 907, 998, 451, 907, 565, 848, 863, 864, 731, 902, 578, 267, 566, 649, 408, 846, 772, 524, 899, 736, 999, 1000, 956, 620, 451, 495, 394, 718, 368, 465, 379, 803, 508, 905, 652, 889, 521, 704, 998, 708, 636, 141, 875, 537, 691, 381, 856, 958, 652, 886, 928, 491, 481, 281, 680, 1000, 746, 505, 815, 986, 661, 323, 366, 972, 507, 677, 960, 902, 996, 842, 354, 842, 806, 734, 141, 918, 170, 636, 198, 380, 664, 792, 989, 562, 438, 339, 788, 957, 411, 340, 956, 807, 863, 309, 921, 368, 890, 562, 905, 268, 395, 932, 933, 819, 297, 155, 478, 793, 510, 508, 590, 819, 339, 394, 776, 971, 958, 819, 620, 763, 861, 859, 197, 592, 464, 326, 898, 760, 941, 765, 888, 704, 842, 786, 311, 609, 844, 704, 311, 929, 267, 850, 439, 605, 805, 452, 646, 635, 806, 169, 983, 884, 439, 309, 891, 992, 366, 926, 764, 884, 822, 411, 787, 721, 664, 593, 775, 705, 693, 690, 963, 984, 548, 211, 547, 992, 113, 367, 576, 721, 990, 480, 992, 580, 884, 410, 934, 607, 874, 822, 436, 550, 816, 972, 394, 505, 634, 688, 992, 748, 876, 928, 787, 589, 760, 940, 607, 818, 935, 225, 988, 864, 870, 505, 439, 907, 211, 536, 834, 537, 846, 547, 900, 917, 637, 477, 759, 778, 892, 943, 954, 141, 438, 607, 240, 859, 524, 959, 915, 552, 708, 551, 919, 478, 340, 535, 577, 453, 394, 409, 365, 790, 478, 366, 463, 566, 758, 463, 407, 857, 437, 477, 408, 578, 339, 903, 562, 550, 198, 846, 663, 481, 821, 706, 395, 255, 606, 884, 889, 763, 467, 919, 886, 971, 814, 225, 746, 804, 691, 846, 902, 998, 820, 905, 982, 521, 595, 674, 439, 689, 609, 984, 775, 478, 983, 665, 977, 622, 775, 453, 901, 394, 871, 986, 408, 946, 674, 907, 891, 987, 815, 878, 255, 828, 323, 931, 438, 976, 942, 990, 763, 957, 901, 834, 961, 847, 675, 340, 748, 366, 942, 760, 970, 944, 871, 481, 509, 759, 702, 873, 832, 870, 296, 787, 594, 944, 337, 864, 519, 239, 906, 439, 828, 183, 605, 623, 549, 744, 212, 856, 859, 719, 580, 885, 365, 449, 914, 225, 776, 820, 875, 521, 719, 477, 877, 661, 226, 581, 520, 905, 423, 325, 665, 747, 622, 141, 579, 141, 550, 394, 548, 577, 818, 623, 992, 833, 395, 731, 239, 183, 750, 688, 522, 917, 595, 113, 595, 972, 608, 833, 575, 535, 786, 464, 647, 963, 620, 849, 688, 988, 999, 197, 906, 113, 589, 606, 449, 758, 956, 731, 353, 946, 975, 877, 904, 510, 622, 649, 581, 957, 829, 493, 680, 393, 269, 793, 968, 481, 821, 748, 393, 608, 847, 494, 169, 552, 354, 948, 621, 693, 267, 380, 930, 948, 941, 750, 989, 844, 972, 719, 960, 605, 863, 632, 694, 311, 875, 903, 254, 579, 380, 789, 666, 521, 849, 282, 874, 677, 423, 337, 885, 352, 505, 858, 885, 859, 931, 958, 872, 141, 934, 790, 735, 663, 985, 803, 833, 862, 806, 746, 637, 281, 439, 679, 703, 889, 623, 913, 240, 962, 491, 394, 367, 577, 379, 947, 946, 704, 718, 760, 549, 878, 842, 593, 921, 843, 719, 649, 425, 959, 141, 575, 761, 750, 940, 1000, 535, 918, 997, 821, 565, 751, 636, 449, 521, 254, 662, 325, 849, 885, 477, 915, 519, 99, 818, 85, 945, 719, 917, 846, 548, 550, 860, 496, 762, 451, 565, 947, 521, 692, 538, 915, 509, 962, 510, 296, 744, 592, 804, 705, 410, 425, 580, 661, 886, 746, 692, 492, 805, 776, 704, 997, 156, 899, 338, 831, 991, 905, 622, 750, 834, 184, 439, 452, 561, 311, 565, 954, 407, 702, 481, 564, 577, 971, 282, 534, 961, 982, 676, 916, 716, 575, 919, 982, 944, 325, 842, 523, 761, 842, 589, 648, 436, 832, 635, 828, 789, 974, 803, 912, 828, 862, 239, 892, 803, 885, 382, 832, 930, 765, 646, 663, 928, 534, 183, 437, 999, 878, 533, 735, 903, 619, 268, 409, 734, 884, 921, 971, 127, 492, 787, 691, 862, 778, 477, 737, 662, 737, 772, 480, 421, 957, 890, 721, 954, 507, 661, 801, 410, 842, 408, 748, 734, 718, 295, 779, 590, 85, 464, 746, 453, 578, 566, 920, 394, 411, 425, 745, 665, 477, 466, 864, 834, 435, 226, 819, 702, 806, 990, 874, 776, 365, 988, 806, 353, 281, 814, 761, 935, 425, 818, 608, 917, 761, 789, 832, 992, 942, 915, 212, 354, 857, 396, 720, 661, 535, 935, 763, 885, 197, 986, 680, 991, 394, 818, 913, 970, 870, 508, 509, 425, 887, 226, 464, 960, 575, 815, 974, 282, 510, 877, 914, 902, 367, 940, 212, 565, 945, 649, 928, 929, 395, 675, 549, 637, 744, 751, 169, 947, 800, 366, 717, 679, 892, 828, 438, 679, 788, 522, 774, 870, 947, 619, 832, 947, 635, 592, 579, 438, 407, 647, 818, 970, 339, 956, 976, 913, 792, 663, 550, 848, 735, 340, 949, 590, 985, 508, 847, 581, 538, 578, 806, 736, 240, 856, 992, 689, 621, 828, 340, 737, 480, 478, 562, 565, 857, 212, 791, 734, 623, 737, 651, 720, 976, 988, 942, 580, 778, 113, 778, 366, 985, 807, 478, 968, 225, 647, 549, 892, 421, 849, 651, 920, 595, 822, 662, 987, 776, 746, 779, 954, 467, 807, 996, 394, 856, 637, 678, 495, 534, 905, 533, 536, 491, 835, 918, 477, 733, 464, 947, 510, 524, 719, 803, 844, 982, 662, 675, 974, 253, 975, 976, 900, 694, 534, 958, 678, 985, 410, 915, 929, 650, 296, 562, 606, 113, 323, 976, 787, 637, 479, 884, 751, 325, 822, 870, 791, 561, 948, 800, 891, 677, 576, 976, 519, 944, 916, 565, 495, 801, 324, 940, 884, 835, 776, 945, 821, 901, 800, 902, 926, 789, 549, 491, 777, 772, 281, 592, 901, 886, 651, 170, 678, 801, 874, 708, 818, 988, 198, 689, 844, 493, 478, 665, 890, 997, 834, 717, 637, 932, 519, 547, 721, 747, 733, 830, 438, 736, 972, 956, 492, 864, 281, 692, 959, 857, 761, 337, 690, 954, 942, 984, 720, 551, 688, 693, 870, 368, 368, 962, 941, 689, 506, 968, 702, 449, 921, 831, 806, 859, 817, 339, 310, 929, 99, 481, 830, 912, 948, 804, 989, 635, 637, 828, 835, 774, 535, 885, 817, 340, 620, 830, 1000, 762, 520, 817, 758, 976, 772, 940, 467, 634, 282, 971, 744, 932, 688, 747, 591, 863, 578, 575, 849, 578, 255, 452, 509, 748, 792, 829, 997, 732, 578, 524, 929, 850, 722, 892, 876, 891, 745, 764, 593, 916, 891, 960, 962, 533, 550, 928, 984, 988, 988, 988, 395, 789, 885, 861, 958, 381, 963, 934, 365, 664, 450, 595, 622, 773, 850, 225, 907, 804, 565, 971, 907, 850, 240, 898, 297, 899, 296, 807, 240, 858, 998, 750, 661, 948, 650, 734, 870, 254, 790, 998, 735, 491, 751, 509, 477, 917, 449, 706, 929, 127, 787, 828, 844, 409, 842, 506, 650, 963, 800, 351, 935, 141, 647, 921, 465, 578, 550, 422, 716, 847, 716, 765, 735, 674, 632, 607, 449, 815, 860, 184, 930, 632, 960, 577, 705, 997, 538, 991, 255, 576, 945, 736, 608, 906, 860, 984, 955, 885, 647, 311, 565, 519, 592, 708, 481, 857, 765, 926, 679, 814, 510, 579, 829, 722, 804, 914, 801, 226, 575, 958, 832, 941, 493, 977, 814, 901, 902, 707, 972, 916, 843, 594, 435, 734, 521, 239, 197, 481, 928, 989, 930, 956, 954, 871, 873, 932, 675, 534, 618, 634, 983, 467, 719, 632, 948, 860, 509, 664, 829, 694, 423, 919, 929, 505, 311, 620, 660, 464, 972, 704, 961, 281, 423, 884, 169, 941, 268, 535, 887, 339, 834, 793, 969, 649, 874, 521, 787, 878, 548, 760, 941, 325, 887, 735, 678, 706, 746, 494, 310, 905, 900, 984, 396, 438, 507, 747, 581, 857, 353, 268, 885, 892, 493, 747, 836, 801, 793, 579, 997, 650, 991, 580, 983, 991, 410, 561, 721, 949, 255, 621, 962, 946, 779, 590, 997, 550, 927, 661, 632, 519, 618, 774, 790, 842, 575, 891, 493, 913, 806, 748, 972, 449, 913, 538, 902, 762, 874, 478, 633, 747, 622, 505, 870, 338, 876, 982, 829, 674, 776, 620, 786, 902, 806, 679, 255, 225, 904, 650, 972, 983, 787, 564, 365, 466, 689, 675, 847, 395, 562, 297, 998, 295, 984, 524, 862, 491, 751, 339, 801, 846, 988, 871, 690, 969, 636, 944, 633, 971, 425, 606, 732, 902, 508, 888, 449, 436, 887, 662, 814, 989, 255, 891, 998, 436, 225, 915, 155, 565, 436, 858, 465, 874, 394, 491, 367, 765, 464, 127, 949, 424, 884, 974, 436, 267, 745, 898, 309, 566, 394, 876, 786, 730, 968, 720, 977, 113, 253, 622, 746, 828, 927, 552, 436, 689, 828, 878, 815, 296, 675, 708, 747, 675, 998, 533, 815, 438, 819, 988, 663, 240, 537, 563, 605, 633, 393, 845, 730, 764, 765, 496, 393, 340, 477, 763, 590, 959, 592, 779, 704, 522, 366, 819, 765, 407, 618, 833, 706, 761, 666, 858, 551, 550, 761, 635, 366, 890, 691, 954, 984, 913, 788, 225, 888, 325, 778, 478, 340, 943, 786, 942, 905, 650, 776, 749, 720, 970, 899, 892, 704, 170, 803, 912, 649, 828, 845, 688, 439, 870, 921, 822, 848, 365, 548, 805, 549, 283, 935, 494, 594, 921, 992, 707, 996, 480, 820, 999, 496, 636, 792, 354, 917, 663, 662, 843, 297, 891, 721, 777, 956, 914, 226, 989, 547, 790, 872, 974, 211, 718, 832, 547, 578, 885, 982, 802, 947, 800, 338, 380, 410, 946, 479, 367, 566, 870, 758, 793, 806, 650, 452, 621, 507, 730, 538, 508, 411, 548, 706, 835, 691, 935, 647, 765, 814, 886, 605, 946, 382, 702, 931, 793, 507, 928, 325, 99, 324, 749, 564, 998, 407, 878, 750, 835, 861, 439, 843, 968, 836, 707, 479, 464, 85, 772, 450, 239, 255, 340, 693, 576, 906, 1000, 807, 915, 864, 649, 508, 918, 732, 760, 590, 707, 914, 821, 901, 338, 789, 648, 870, 679, 716, 901, 815, 891, 562, 409, 987, 533, 465, 449, 917, 351, 649, 704, 903, 816, 849, 860, 750, 676, 365, 635, 736, 396, 935, 551, 945, 607, 155, 884, 847, 927, 750, 731, 906, 775, 506, 169, 575, 675, 666, 888, 632, 533, 976, 722, 637, 817, 984, 904, 395, 422, 737, 900, 962, 424, 814, 662, 679, 704, 380, 941, 664, 465, 748, 790, 900, 891, 253, 985, 807, 581, 510, 955, 832, 99, 561, 579, 737, 225, 535, 749, 835, 856, 940, 688, 393, 760, 113, 745, 818, 591, 751, 860, 901, 856, 773, 862, 971, 998, 451, 737, 368, 450, 663, 875, 898, 779, 857, 886, 963, 155, 976, 592, 891, 608, 987, 664, 864, 411, 394, 325, 491, 892, 744, 822, 805, 930, 977, 325, 480, 830, 621, 352, 581, 960, 830, 352, 323, 692, 565, 577, 551, 453, 887, 620, 524, 913, 921, 575, 800, 646, 903, 522, 510, 524, 961, 368, 637, 843, 876, 929, 452, 846, 971, 594, 651, 566, 478, 197, 562, 972, 651, 989, 970, 921, 819, 721, 999, 878, 591, 607, 618, 623, 424, 817, 693, 842, 773, 730, 763, 708, 575, 814, 748, 494, 962, 887, 595, 495, 999, 520, 983, 493, 845, 832, 562, 734, 819, 906, 706, 255, 689, 805, 536, 365, 647, 733, 534, 737, 933, 311, 721, 750, 916, 772, 920, 562, 605, 857, 311, 791, 805, 734, 834, 436, 510, 565, 450, 591, 703, 435, 353, 977, 842, 842, 819, 407, 409, 170, 800, 889, 694, 731, 969, 774, 551, 552, 183, 704, 778, 410, 705, 452, 548, 661, 747, 197, 211, 380, 878, 563, 424, 396, 874, 606, 848, 959, 959, 844, 912, 930, 921, 877, 661, 435, 409, 940, 862, 751, 915, 436, 524, 915, 860, 366, 563, 520, 927, 944, 793, 750, 566, 730, 878, 508, 491, 861, 955, 962, 901, 927, 760, 581, 990, 463, 646, 872, 959, 779, 822, 281, 523, 578, 651, 605, 718, 916, 891, 608, 986, 665, 465, 268, 778, 395, 835, 857, 282, 819, 423, 801, 367, 564, 949, 509, 282, 436, 899, 255, 702, 438, 942, 986, 676, 549, 721, 954, 579, 718, 676, 337, 814, 982, 422, 733, 969, 450, 635, 606, 212, 920, 749, 477, 735, 283, 934, 864, 510, 737, 421, 933, 820, 836, 395, 969, 733, 763, 720, 521, 604, 184, 225, 761, 637, 955, 410, 892, 708, 884, 155, 968, 197, 988, 778, 113, 777, 835, 226, 578, 721, 509, 575, 764, 885, 365, 912, 562, 973, 368, 664, 919, 942, 297, 409, 885, 849, 874, 804, 379, 859, 255, 184, 676, 495, 986, 324, 975, 424, 660, 972, 704, 872, 916, 872, 593, 410, 876, 436, 801, 807, 934, 961, 957, 792, 921, 907, 478, 801, 619, 977, 646, 746, 675, 439, 762, 846, 212, 141, 801, 934, 368, 479, 878, 884, 379, 906, 451, 863, 565, 538, 892, 864, 998, 833, 946, 834, 878, 900, 435, 352, 900, 565, 480, 692, 889, 506, 155, 368, 870, 591, 856, 718, 561, 325, 842, 353, 871, 396, 870, 931, 198, 787, 736, 410, 832, 983, 775, 706, 975, 382, 776, 562, 423, 772, 451, 368, 842, 730, 985, 737, 605, 912, 976, 607, 721, 890, 492, 871, 750, 660, 551, 523, 904, 732, 678, 436, 169, 736, 380, 942, 722, 113, 99, 508, 522, 212, 324, 996, 184, 949, 862, 467, 113, 170, 885, 969, 817, 253, 874, 960, 945, 702, 775, 872, 310, 830, 829, 902, 351, 900, 892, 365, 694, 549, 505, 538, 949, 802, 451, 634, 760, 747, 969, 282, 807, 665, 747, 578, 760, 902, 859, 960, 595, 396, 240, 577, 675, 758, 562, 338, 661, 225, 323, 535, 996, 820, 946, 310, 915, 340, 955, 831, 913, 943, 989, 758, 480, 492, 505, 580, 646, 775, 310, 689, 393, 436, 927, 928, 478, 926, 792, 906, 197, 948, 690, 438, 702, 551, 803, 692, 847, 890, 409, 435, 828, 510, 506, 793, 968, 562, 127, 872, 481, 675, 856, 856, 959, 722, 493, 944, 850, 365, 959, 758, 337, 661, 887, 577, 694, 913, 765, 962, 730, 948, 708, 736, 758, 607, 746, 990, 999, 935, 651, 393, 973, 885, 822, 845, 746, 621, 787, 889, 760, 940, 453, 927, 618, 708, 871, 947, 954, 393, 439, 821, 733, 986, 735, 608, 351, 480, 395, 720, 913, 872, 609, 592, 592, 561, 561, 892, 805, 889, 848, 267, 591, 926, 850, 829, 649, 521, 913, 957, 449, 85, 422, 843, 969, 453, 325, 845, 494, 835, 620, 790, 985, 941, 253, 982, 716, 919, 592, 464, 800, 844, 547, 750, 816, 843, 873, 822, 534, 561, 776, 580, 324, 548, 621, 495, 990, 831, 956, 269, 382, 508, 816, 954, 679, 819, 890, 675, 954, 833, 848, 184, 762, 255, 240, 563, 394, 774, 465, 913, 915, 589, 862, 309, 735, 816, 478, 716, 662, 563, 948, 296, 708, 649, 605, 899, 537, 706, 800, 875, 491, 295, 666, 705, 778, 689, 607, 932, 619, 843, 521, 929, 860, 820, 507, 479, 337, 635, 888, 776, 564, 593, 439, 496, 776, 575, 914, 930, 689, 676, 520, 492, 99, 524, 255, 421, 450, 778, 802, 170, 435, 858, 996, 495, 324, 537, 846, 694, 878, 282, 310, 550, 309, 717, 296, 777, 764, 524, 635, 198, 449, 465, 580, 718, 751, 367, 692, 650, 183, 506, 268, 963, 562, 822, 339, 604, 807, 422, 198, 694, 932, 777, 524, 338, 295, 892, 976, 437, 745, 844, 197, 946, 958, 688, 885, 891, 916, 788, 635, 776, 409, 941, 889, 887, 833, 395, 997, 926, 973, 830, 452, 366, 325, 890, 649, 565]



